2268
0
1
4098
3
5
4102
4105
4106
13
4110
14
16
4112
18
20
22
4118
24
25
29
4132
37
4135
39
4140
4141
4143
48
50
55
4151
57
4153
4155
4156
60
4163
4165
70
71
4168
73
4171
77
79
4175
80
4176
83
84
4183
90
93
4192
4194
98
100
4196
101
4197
103
4202
4203
108
110
4207
111
112
4209
4213
4215
4217
122
4218
124
4221
127
4225
130
131
4227
133
135
4231
136
4233
4234
4237
143
4240
146
4245
4247
4249
157
158
159
4255
161
4258
4259
163
4261
168
4266
4267
173
4270
176
177
4274
180
182
188
4287
4288
4290
4292
197
199
4297
4301
205
206
207
209
210
4308
4309
213
217
218
4318
222
223
4321
4322
227
228
229
4325
4327
233
234
238
4336
4338
4340
244
245
4342
248
250
251
252
4349
4350
257
258
259
4355
260
4356
261
4359
263
265
4362
4363
268
4365
270
272
4368
4369
4371
4372
4374
279
280
4376
283
4379
286
4382
4386
291
296
297
299
4395
4397
4398
304
4401
4403
4405
310
4407
312
314
316
4415
320
4418
322
326
4423
4424
328
4425
4426
4429
338
4434
339
340
4436
4438
343
4439
349
4447
4448
355
356
4455
360
362
364
365
4466
4467
372
374
375
4471
4472
4473
377
378
4474
385
386
4483
390
391
393
4490
4491
395
4492
401
402
4498
403
4500
4501
4502
406
410
411
412
413
4510
416
4513
417
4515
420
4520
4522
4524
428
430
431
4529
4531
4532
436
441
443
4542
447
450
451
4548
455
4554
462
4564
469
470
472
4568
473
4569
4570
4572
479
480
4580
488
489
490
4587
491
492
494
4593
498
4598
4599
4602
4603
508
4605
512
4608
4609
515
4612
521
4617
524
4622
4623
528
4625
529
530
4627
532
4628
4629
534
535
536
4634
538
4636
540
4638
4639
548
4649
4650
554
555
4652
4654
558
565
4665
571
573
574
4670
4671
575
576
4673
4674
579
580
582
584
589
4688
4690
595
4692
4693
4695
601
4698
4701
606
4702
607
4706
612
615
4711
618
4714
619
620
4717
4719
624
4721
4722
627
4727
632
636
4733
637
4736
640
642
4739
4742
646
650
4749
655
4752
657
658
659
662
4759
663
4766
4772
4773
678
4778
4780
685
687
4784
689
4785
695
4793
4795
700
4797
702
4800
4801
4802
707
4806
711
712
4811
715
717
4813
719
720
722
723
4821
4826
730
733
740
741
742
4841
4842
747
749
4845
750
4847
756
757
4853
4859
767
4863
4864
772
4869
4871
4873
778
4876
780
4880
4881
786
787
788
791
792
793
794
795
4891
4892
4894
799
804
4901
805
806
4902
4903
807
4906
4907
811
4908
4912
820
4918
822
824
4920
826
4922
4926
832
833
4929
4932
4933
4935
4937
4938
4939
4941
845
4942
4944
850
4947
4949
854
4950
855
4952
4954
859
4955
861
865
4962
866
4965
870
4969
873
874
4971
4973
4974
883
4981
4982
890
894
895
896
898
4997
902
905
5001
5003
909
5006
913
5010
915
918
5017
921
922
5022
5023
5025
5026
5027
5028
5029
5031
937
5034
938
939
5035
941
5045
5048
954
5052
5054
5056
960
961
5058
5061
5064
5067
972
5069
5072
976
977
5073
5074
980
5078
982
983
987
991
992
5090
994
996
997
5093
1000
1001
1007
5103
5105
5106
1012
1013
1014
1015
5113
5114
5115
1020
5117
1022
5119
1025
5121
1028
1029
5125
5126
1032
1033
5129
1036
1038
1039
5136
1041
1043
1045
1046
5143
1048
5146
1050
5147
5149
5151
5153
1057
5155
1059
1061
5157
1063
1065
5162
1067
1068
5165
1069
5166
5169
1074
1076
1078
5176
5177
1081
5180
1085
1086
5184
5188
5189
1094
5190
1096
1097
1104
5200
5201
1105
5204
1109
1110
5207
1112
5208
1113
1115
1116
5216
5220
1125
5226
1131
5228
5229
5231
1136
5233
1139
5235
5239
5242
1148
1149
5249
5250
5252
5254
1159
5257
1163
5260
1165
1166
1167
5264
1168
5265
1174
5270
1179
1183
5280
1187
5284
1189
1191
5289
1193
1195
5292
1198
1199
1202
1204
5301
1205
5302
1206
1211
5307
5309
5310
1215
1217
5313
5314
5317
1223
5320
1225
5322
5324
1229
5329
5330
5332
5335
5336
1246
1247
5343
1249
5347
1252
5349
5350
1255
5354
1258
5356
1263
5360
1267
5363
5364
1270
1272
1273
1275
5372
1276
5373
1278
1279
1280
1282
1290
5386
1296
5393
1298
1299
5396
5397
1301
5398
1303
5403
1309
1310
5406
1313
5410
1315
5412
5413
1320
1321
5418
5419
1324
1325
5424
5425
1329
1333
5430
5433
5434
5438
1343
5439
1345
5442
5443
5445
5446
5447
1351
5448
5449
5451
5453
5456
5458
1366
5462
5463
5464
1369
5465
1370
1371
1372
5471
1375
1377
1378
5474
1379
5475
5481
5484
1388
1390
5487
5494
1399
1402
1403
5499
1404
1407
5503
5504
5505
1411
1416
5512
5513
5515
1419
1422
5518
1423
5523
1428
1429
5525
1431
5529
1433
1435
5532
1439
5535
5538
1442
1443
1445
1447
1448
5545
5546
1453
5549
5551
1455
1463
1464
5560
1468
5566
1470
5568
5569
5570
5572
1477
5573
5579
5580
1485
5581
1486
5583
1488
1489
1490
5586
1492
5589
1494
1496
5592
5594
1498
1502
1503
1504
5601
5606
5607
1513
1514
5611
5612
1516
5616
1520
5617
1522
5619
5622
5623
1527
5625
1535
1538
1543
1544
5640
1546
1550
5648
1554
5651
5652
1556
5653
1560
1562
1563
1566
1567
5663
5664
5665
5668
1573
5670
1575
1577
5674
5676
1581
5677
1582
1583
5679
1584
1585
5682
5683
1588
5684
1590
5687
1592
5688
5689
1594
5692
1597
1600
1601
1604
5700
1605
1606
5704
1609
5708
1613
5709
1615
5712
1619
1620
5717
5718
5720
1624
1625
1627
5726
5728
1633
1634
5731
1635
1637
1638
1639
5735
5739
1647
1648
5744
1651
5748
5750
5751
5753
5754
5759
5760
1664
1668
1671
1673
5772
1677
1678
5774
5775
1679
1680
5776
1681
5778
1682
1685
5782
5785
1690
1693
5790
1695
5792
1699
1701
5798
5800
1704
5801
5802
1708
5806
5809
5810
5814
1720
5816
1721
5817
1722
5819
5822
5823
1727
1732
1735
5832
1738
1739
1741
5840
1745
5841
1747
1749
1753
1756
5854
5856
5857
1761
1762
5859
5863
5864
1768
5866
5867
1771
1772
5871
1776
1777
5880
5881
1786
1789
5886
5889
5890
5894
1798
5897
1803
1804
1805
5902
1807
5904
5905
1809
5906
1812
1813
1814
5911
1819
1822
1823
5922
1826
5923
1827
1828
1830
5928
5929
1833
5930
1835
1837
5933
5934
1840
5937
5939
5942
1846
1847
5944
5945
1851
5953
1857
1858
5954
5956
1861
5958
1863
1864
5962
1867
1871
1874
5971
1876
5973
5974
5975
5981
5982
5986
5988
1895
5991
5992
5994
1899
5997
1903
5999
6000
1906
6003
6006
6008
1915
6012
6013
6015
1921
6018
1923
1925
6021
1926
6022
6023
1932
6029
6032
1937
6035
1941
6038
1949
6047
6048
1957
1962
6058
6059
6061
6067
1973
6070
1976
6074
1981
6077
1982
1983
1986
1987
1988
1990
6088
1993
6089
6092
1997
1999
6097
2001
6098
2003
6099
2006
6103
6105
2009
6107
6108
2013
6111
2016
6116
2020
6119
6120
6124
2028
2030
6128
2033
2036
2039
2040
6138
6141
6143
2048
6144
2051
6148
2054
6151
2057
6156
2061
2063
6164
2068
6166
2072
2076
6173
2081
2083
6182
2088
2093
2095
6192
2100
6196
6197
2105
2107
6207
6208
2113
6210
2115
6212
6213
2119
6217
2122
6219
6220
2126
2128
6226
2131
6229
2138
2139
2140
2141
2142
2143
2144
6240
6241
2145
2146
2147
2151
6249
6252
6253
6255
2160
6262
6263
2170
6267
2171
6268
2173
2174
2180
2182
2184
6281
6283
2188
6286
6287
6293
2198
6295
6296
2201
6300
6302
2211
6308
2213
6311
2215
6312
2217
6314
2218
2219
6319
6320
2226
6322
6323
6324
2230
6326
2231
2234
2235
2236
6337
2242
6339
6340
2245
2249
2250
6347
2251
6348
2252
6350
6359
6361
6364
6365
2270
6366
2271
2272
6368
6370
2275
2279
2280
2281
6378
2284
2285
6381
6383
6385
2293
6389
6391
6392
6393
2302
6401
6404
6407
6410
2317
6414
6416
2322
2323
2324
2328
2329
6431
6432
6433
6434
2340
6437
2342
2343
2344
2346
2347
2349
2351
2352
6450
2357
2359
6456
2363
2365
6462
2368
6466
6470
6475
6479
2386
2391
6489
2396
2398
6495
2400
2402
2403
6499
6500
2404
6501
2407
6506
6507
2411
6511
2415
6512
2418
2421
2422
2423
2424
2425
6523
2428
2429
6527
6530
6532
6534
2439
2442
6538
2443
6540
2445
2446
2447
6543
2449
2450
2451
6547
6548
6550
2457
6557
6558
2462
2463
6562
6563
2468
2474
6571
2478
2479
6575
6576
2482
6579
6580
2484
6582
2486
2495
6592
2497
6594
6595
2499
6597
2506
6603
6605
2510
2511
6608
6610
6612
2517
6614
2518
2521
6618
2524
6621
2526
6622
6625
2529
6627
6630
2541
2542
6638
6639
2544
2545
2546
6642
2547
6645
2549
2550
2551
2553
2554
6652
6653
2557
2558
2559
6655
2560
6657
2561
6659
2566
2572
6668
2573
2577
6673
2580
2582
2584
2588
6685
6687
2593
2595
2597
6694
2599
6701
6702
6703
2607
6706
2611
6707
6708
2612
2617
6714
2620
6717
2624
2625
2626
6723
6725
6726
6728
2632
6729
6734
2638
2639
6736
6737
6739
2643
6743
2648
6744
6748
6751
2658
2662
6758
2663
6760
2667
2672
6769
6774
2678
2681
6778
6781
2685
2686
6784
6786
2695
2698
6795
6801
2707
2709
2712
6809
2714
2716
2718
2720
2721
6818
6820
6825
6826
2732
2733
2734
2735
2738
6836
2741
2743
6841
6844
2748
6846
6849
6850
2755
2757
2759
6856
2766
6863
2767
6866
2775
2777
2778
6874
2780
2781
2785
6881
6882
6884
2788
2790
6887
6888
2794
6890
6891
2797
6895
6899
6901
6902
6903
2812
6910
2814
2815
2819
2820
2821
6918
6919
2827
6927
6928
6931
2837
6934
2839
6935
6936
2842
6938
2843
2844
2845
6942
2847
2850
2851
6948
6949
6950
2854
6951
2858
6956
2860
2863
6959
2864
6961
2866
6964
2869
2871
6967
6970
6977
6979
6984
2895
2897
6995
2900
6996
6997
6998
2903
7000
7002
2907
7004
7005
2912
7008
2913
7013
2918
7015
7016
2921
2922
2925
7022
7024
2929
2930
7030
7034
2940
7036
2943
2944
2946
7043
7045
2949
2952
2953
7050
2955
2956
7053
2958
7056
2962
2963
2965
7061
7062
7063
7065
2970
2973
7071
7072
2976
2979
2980
7080
7081
2987
7083
7085
2993
7094
7097
7098
7101
7105
7107
3011
7108
7109
3015
7111
3016
3020
7118
3025
7122
7124
3031
3034
7130
3036
7134
3040
7136
7137
7138
3044
7141
3049
7145
7147
3053
3054
7152
3057
7154
7155
7156
3062
7158
7159
7160
3064
3067
7166
3072
7170
7171
3077
3078
3079
3080
7178
7179
3084
3087
7188
3094
3095
3099
7195
3100
7196
3104
3107
3108
7205
3112
7208
3113
3116
7212
7213
7214
3118
7215
7218
7225
3136
3138
3145
3151
7248
7249
7250
3155
3157
7254
3159
7255
3161
7257
7258
3163
3164
3165
3166
7262
3169
3170
3171
7267
7276
7277
3181
3182
7280
7283
3188
3189
3190
7288
7289
3194
7294
7296
3201
7299
3204
3205
3206
3207
3209
7307
3214
7310
7311
3215
3216
7315
3220
3225
3226
7323
7325
7326
7327
7329
7330
3235
7332
3237
3244
3245
7343
7344
3249
7346
3250
7347
7349
7350
3254
3255
3257
3258
7355
7356
3264
7361
7362
3267
3268
7365
3270
3279
3280
3281
3285
3290
3293
3298
3303
3305
3306
3308
3311
3313
3314
3322
3326
3330
3337
3340
3345
3346
3351
3353
3362
3364
3366
3367
3370
3371
3373
3375
3377
3379
3383
3384
3385
3389
3392
3397
3399
3400
3402
3403
3405
3408
3410
3412
3417
3418
3419
3421
3432
3435
3437
3439
3443
3446
3447
3450
3458
3460
3462
3463
3465
3471
3474
3477
3479
3488
3489
3493
3495
3497
3499
3502
3503
3505
3509
3512
3513
3527
3535
3536
3542
3544
3546
3552
3560
3562
3563
3564
3567
3569
3575
3577
3578
3583
3584
3585
3588
3589
3590
3591
3593
3594
3601
3602
3603
3610
3612
3613
3615
3616
3617
3618
3622
3627
3629
3630
3632
3637
3640
3648
3650
3651
3652
3653
3655
3656
3658
3662
3663
3665
3666
3670
3671
3674
3676
3679
3681
3687
3702
3710
3713
3723
3724
3725
3730
3735
3736
3737
3739
3745
3749
3752
3758
3760
3761
3762
3767
3771
3776
3778
3782
3787
3788
3791
3792
3795
3797
3802
3805
3808
3812
3814
3816
3818
3821
3822
3826
3834
3839
3843
3844
3845
3846
3847
3850
3852
3856
3857
3859
3861
3867
3869
3871
3873
3875
3878
3881
3885
3888
3889
3890
3896
3899
3903
3904
3910
3925
3926
3928
3931
3933
3935
3936
3937
3939
3942
3947
3950
3953
3958
3959
3960
3961
3962
3964
3967
3968
3970
3972
3973
3975
3978
3980
3981
3987
3988
3992
3994
4002
4003
4004
4005
4006
4007
4015
4017
4020
4026
4028
4029
4032
4034
4036
4037
4039
4044
4047
4048
4053
4054
4061
4062
4065
4068
4071
4078
4080
4083
4087
4088
4089
4092
4093
4094
48
128
194
67
325
69
263
71
8
136
265
10
12
13
270
80
208
17
82
19
20
278
279
152
24
90
218
283
220
92
350
32
34
164
166
39
236
109
302
111
239
49
177
178
51
116
121
250
316
