2012
4096
2
8195
4100
5
4102
8199
9
4105
10
4107
8204
12
13
8206
15
19
8211
4117
8214
8215
8216
4121
25
4122
27
4125
31
8223
8224
33
8226
8227
4132
37
38
39
40
41
4137
8234
4139
8236
46
4142
8240
4145
49
8244
53
54
8246
4154
8250
4156
8253
63
64
8256
8259
4165
69
8265
74
4172
76
78
79
4176
80
81
4177
4178
82
83
4180
4182
86
4183
8280
89
8281
4186
8284
92
93
8287
97
8290
99
8292
4197
8294
102
4198
103
8296
4201
8299
4205
8301
4207
112
4209
4211
8307
4212
8308
8309
4214
119
8314
4218
8316
4220
4221
125
4222
8319
4225
4226
4227
133
4230
137
8329
8331
4236
8333
8334
4240
4241
146
8340
4244
4247
4252
8350
8352
4258
164
165
4262
4264
169
171
8363
173
175
8367
4275
181
4281
186
190
192
194
199
201
203
204
4300
4302
207
4305
4307
4308
212
213
216
4315
222
4318
223
4320
4321
4322
228
4325
229
233
234
238
241
242
243
4341
248
4345
250
4346
252
254
258
261
263
266
267
269
272
4369
4371
277
4374
4377
281
4382
287
4384
4385
4386
295
298
299
4396
303
305
4402
308
4404
309
4407
312
315
4415
321
322
323
4430
335
336
4432
342
4439
346
4444
350
351
352
353
4450
354
356
360
4456
4458
4466
377
4477
383
384
4484
390
4487
391
394
4492
4495
399
4497
4498
4499
404
407
4504
413
414
4512
4514
4515
420
421
422
425
427
4526
432
4529
4530
4532
436
437
439
4536
443
4541
4543
448
4548
455
4552
459
4555
4559
4561
465
473
475
476
4572
478
479
4579
4580
485
487
4584
492
4593
500
501
503
504
4602
506
508
4605
4607
4612
4613
520
522
4622
528
532
4628
4629
534
535
537
541
542
550
551
552
553
4650
554
556
558
4662
4666
4667
571
573
576
4673
4675
580
581
584
4689
4690
596
597
4694
598
4697
602
604
605
4706
610
611
4708
4709
614
4713
619
4715
623
624
4720
4721
625
629
4725
630
633
4730
635
637
639
4740
645
647
4744
650
655
4752
4755
661
664
4760
4761
669
672
4768
673
674
4770
4776
4779
685
4782
4783
689
691
4789
4791
696
4792
702
707
4805
713
714
720
723
724
4820
4821
4825
731
4828
732
4830
735
4832
4833
737
740
4839
4840
4850
755
4856
4859
766
767
4866
773
776
777
4874
4876
4878
784
785
4882
791
4887
795
4891
4893
4900
804
4903
4904
4906
811
812
4912
819
821
4917
824
4920
825
4923
828
4925
832
834
835
4931
836
837
838
839
4936
4937
842
4939
4941
4942
847
4944
4945
854
855
4955
4957
4960
866
4963
867
869
4966
874
876
882
4978
4983
4986
890
4987
4989
4998
902
904
5002
909
5010
915
920
921
5022
5025
931
5030
936
5032
938
5034
941
5040
947
948
5049
5050
5053
5054
959
5055
5056
5057
5060
965
5061
969
970
972
5069
977
5073
5075
979
5077
981
982
988
5087
5089
993
5090
5092
996
997
5093
5094
999
5095
1000
5098
1007
1009
1015
5113
1022
5118
5123
1030
1033
5132
5134
5137
5140
1044
5143
5144
1050
5151
1062
1064
1067
5165
5168
1075
5172
5174
5175
1080
1081
1086
1087
1088
5188
1098
1104
5201
1107
5205
5206
1114
5210
5212
5213
5215
5216
1120
5217
1124
5221
1125
5224
5226
5227
5229
1134
1135
1137
5235
1140
5241
5245
5246
1152
1155
5255
5257
1164
5261
5262
1168
5264
5265
1170
5267
1173
5271
5272
5273
5274
5275
1180
5277
1183
5280
1184
1186
5284
5286
1191
5293
1197
5297
5300
1206
5304
1209
1212
1213
1214
5312
1219
1221
5320
1226
5323
1227
1228
5324
5327
1231
1232
5334
1240
5337
1246
5344
5345
5346
1252
5350
5351
5354
1258
1259
1263
1265
1266
5368
5369
1273
1275
5371
5372
1276
5374
5376
5377
1281
1285
1286
5385
1297
1301
5400
5403
1308
5405
5412
5415
5419
1324
5420
5425
5426
5427
5429
1334
1336
5433
1338
5440
5445
1350
5446
1351
1352
5456
5461
1368
5464
1370
5467
1373
5471
1377
5474
5479
1384
5482
5484
1388
5485
5486
5489
1393
5493
1397
5494
1399
5497
1403
1407
5514
1421
5519
5520
1426
5525
1431
1433
1434
5531
1437
5534
5536
1441
1445
1447
1449
5546
5547
1452
5548
5549
1453
1458
5555
5557
5560
5564
1472
5570
1476
5572
5575
1479
1482
5579
5582
1488
5587
5592
5593
5594
5597
1503
5599
1507
5605
5609
5612
1518
1519
5618
1524
1525
1527
5625
1530
5626
1532
5630
1535
5633
5635
5642
5643
5644
5646
1562
1564
1566
1570
5668
1574
1575
1580
5677
5678
1584
5689
5690
5693
1598
1603
5705
1609
5706
5709
5711
1616
1617
5714
1625
5724
5726
5730
1634
5732
1638
1640
5738
1643
1644
1647
5744
1650
1651
5750
1656
1657
1658
5754
1661
1665
1666
5763
1668
1677
5777
1684
5788
5790
1698
1699
1700
1701
1705
5804
1710
1712
1713
5810
1715
1716
5812
1717
1719
5816
1720
1722
1723
5821
5822
5823
1732
1733
1734
5831
1735
1736
1738
5834
5835
1739
1742
5841
5842
5847
5853
1759
5856
5858
5861
1775
5876
5878
1785
5884
5885
1789
5886
1797
1799
1800
1801
5897
5898
1806
5903
1811
5910
1816
5913
5914
1821
5917
1824
5920
5921
1826
1828
5925
5926
1830
5927
1833
5930
1835
5931
5934
1839
1841
1842
1845
1848
5945
1849
5947
1852
1861
5961
1866
1873
5969
1874
5970
5971
5972
1877
1881
1884
1886
1895
5995
1900
1901
5998
5999
6001
6003
1907
6009
1914
1915
6012
1917
1918
6019
1925
6021
6024
1930
6029
1934
6030
1937
1940
6037
1945
1947
6044
6046
6047
6050
1957
1962
1963
1966
6062
1967
1971
1973
1974
6072
1977
6074
6077
1982
6078
6080
1987
6084
6085
6088
1995
1996
6093
1997
1999
6098
2002
2004
2015
2019
2030
6127
2038
6139
2052
6150
6153
6155
2062
6162
2067
2070
6166
6167
6168
6171
6174
6176
6177
2082
6181
2086
2089
6185
2091
6187
2092
6189
6196
6197
2104
2105
6201
2107
6203
2111
2116
6213
2121
6220
2124
6222
2126
2129
6230
2135
2137
2142
6241
2145
6242
6243
6251
2156
6253
6256
2161
6257
2162
2167
2168
6264
2169
6266
6271
6272
6273
6276
6280
2185
2186
6283
2192
6291
6295
2201
2203
6299
6301
2205
2208
2217
2219
6319
6327
6328
2233
6329
2235
6333
2239
6337
2241
6338
6340
2245
2246
2249
6345
6347
2254
2257
2258
2259
2260
6361
6365
2272
6372
6375
2279
6376
2281
2284
2286
6383
6384
2288
6386
2290
6387
2291
6389
6393
6394
2298
2299
6397
2302
6401
2308
6406
6409
6411
2317
2319
2320
6417
6419
2328
2329
2331
6428
6432
6438
6444
6448
6449
2353
2354
2357
2360
6457
6465
2372
2373
2376
6473
6475
6479
2386
2388
6488
2392
6489
2394
2399
2400
6497
6499
6500
6502
2406
6503
2411
6513
6514
2419
6517
6518
6519
2427
6524
2428
6526
2434
6531
6536
2442
6541
6544
2449
2450
6548
2455
2459
6555
6556
2461
2462
2464
6562
2466
6567
2471
2472
2474
6570
2476
6573
2478
2480
6577
2482
6579
6580
6581
2487
6583
2489
2491
6589
2494
6590
6591
2496
6594
2501
2510
6612
6616
6617
6622
6623
2530
2538
2541
2542
6641
2546
2549
2552
6648
6652
2558
6656
6657
2561
2565
2566
2567
2570
6666
2572
2573
2576
6672
6674
2582
6678
2585
6681
2587
6684
6686
6689
2593
6691
2596
6692
6700
2607
2608
6705
2614
6711
2616
2618
2619
6717
2623
2625
2627
6724
2630
6726
2632
2636
6734
6735
2642
2649
6755
6763
2667
2668
6767
2672
6772
2676
6774
2679
6776
2682
2683
6782
2687
2688
2693
6790
6791
2697
2698
6795
6796
2701
6799
2706
6803
6807
6809
6811
2718
2720
2721
6819
2725
6821
2726
6825
2730
2734
2735
6833
6834
2738
6836
2740
2745
2747
6843
2751
6848
2753
6849
2754
6850
6852
2760
2762
2763
6859
2765
2770
2773
2774
2778
2781
2783
2786
6884
2790
6889
6893
2801
2802
2804
2805
6904
2808
6906
2814
2815
6911
6913
2822
6921
2827
2828
6926
2830
2836
6933
6936
6939
2847
6946
2853
2857
6957
6961
2866
6962
2867
6963
2868
2870
6967
2875
6976
6981
2885
2886
6983
2887
6992
2897
2898
6995
2901
2910
2911
2912
7008
2913
7010
2915
7012
7013
7014
7016
2925
2928
7024
2933
7029
7030
7032
2942
7039
2943
2944
2946
7043
2954
7050
2958
7055
2960
2961
2963
7060
2965
2967
7063
2971
7072
2976
7074
2979
2987
7083
2988
7089
2997
7096
3000
3003
3007
7104
7105
3010
7107
7108
3014
7111
3016
7114
7116
3021
7118
7119
3023
7123
3028
7129
3034
7131
7132
7135
3039
7139
7142
7145
3053
7151
3055
7160
3070
7166
3076
3077
7175
7177
3082
7180
7184
3090
3091
3095
7194
3099
7196
3101
7201
7202
3107
3111
7212
3117
7213
7214
7216
7219
3126
3127
7223
7225
7236
3140
7237
7239
3143
7241
3151
7251
7252
7253
7254
7257
3162
7263
7265
7266
3172
3173
3174
3177
3181
3184
7280
7283
3189
3191
7287
7289
7293
3200
7298
7299
3204
3208
3210
7308
7309
3214
3216
7313
3217
7319
7320
3225
3229
3230
7330
7331
7332
7334
3239
3243
3245
7341
3246
7343
7346
7348
3253
7351
3255
3257
7353
7355
7356
3260
3263
3264
3268
3269
7366
3273
7372
3281
3287
3288
7384
3289
3290
7387
3291
7391
7394
7395
3303
3305
7401
7402
7403
3307
7404
7405
3309
7406
7408
3317
3322
7420
7421
3325
7424
3329
3331
3333
7431
3335
7433
3339
3340
7437
3346
7442
3349
3357
3359
3367
7466
3373
3375
7472
7474
7475
7477
3381
3383
7482
3390
3393
7491
7492
7494
7498
3403
7502
3407
7506
3412
3418
3420
7517
3421
3424
7521
7524
7525
3430
7528
3435
7532
3438
7534
7535
3442
7538
7540
3445
7542
7546
3450
7552
7554
7555
7556
3460
3462
7558
7561
3467
3471
7571
7574
3482
3484
7581
3488
3489
3491
3492
7591
3497
3498
3501
7599
3509
7606
7610
3518
3519
3520
7616
3522
7618
3524
7622
3526
7626
7628
7629
7632
3538
3539
3540
7636
3541
7640
7641
3545
3547
7644
7646
7647
3553
3556
3559
3564
3568
7665
3569
7666
3572
3576
3579
7676
3581
7678
3588
7687
3593
7689
7691
3600
7701
3608
3611
7708
3615
3616
7713
3620
3627
7724
3629
7726
3631
7731
7733
3637
3639
7737
3641
3644
3645
3646
7742
3649
3650
3651
7753
7754
3660
7756
3661
7762
3666
3668
3669
7767
3674
7778
7780
3686
3688
7785
3691
3692
7789
7796
7801
7803
3711
7810
3717
7814
3719
7817
3722
3724
7822
3729
7831
7833
3742
7838
3746
7846
3754
7854
3761
3763
7860
3765
3767
3768
3779
3782
3785
7886
3790
3791
7893
3804
3808
7904
3809
7907
3812
3816
7912
3818
7914
7915
7918
3823
7924
7926
3832
3835
7931
3836
7937
3843
7947
7951
3857
3858
3860
3862
3864
3865
3868
7966
3871
7969
7970
3876
7974
3879
7975
7976
3881
7979
7981
7982
3886
3887
3891
3892
7991
7993
3898
7995
3899
3900
3903
3906
8005
3910
8009
8013
3920
3922
3924
8021
3926
3927
3929
3931
8032
3938
3939
3941
3943
3946
3947
8044
3950
3955
8052
3956
8054
3960
8057
3964
3968
8066
3972
3979
8076
8078
8081
8082
8085
8087
8090
3997
8095
3999
4001
4002
8102
8105
8107
8109
8112
4016
8113
4017
8116
4021
8117
8120
4025
4028
8126
4031
8130
4035
4038
4046
8142
8145
8147
4051
4052
8149
4053
8154
4064
8163
4069
4075
4076
8177
4084
4085
8182
4086
8183
8185
4089
4091
4092
8189
4094
42
322
67
4
325
197
263
200
136
137
9
393
265
74
77
17
81
147
276
22
214
278
215
343
91
349
31
96
35
296
106
107
108
174
303
240
52
375
312
379
253
382
383
