469
1024
0
2
2051
4
7
10
1035
1036
2062
15
1040
17
1041
2067
19
1044
2071
1050
2077
1053
29
1060
37
38
40
1064
41
1066
1071
1072
1074
1078
2102
2104
56
1081
2106
1082
1083
1084
60
1085
1086
62
63
2111
1087
2112
65
1090
70
72
76
2124
1101
77
78
1103
81
1107
2131
83
2135
1113
1117
2141
1119
2147
1124
2149
1127
106
1130
2154
1132
109
110
113
1138
2164
2172
1151
1152
2176
129
1153
2178
130
131
2179
132
2183
1159
1161
138
139
140
1166
1168
1169
1171
148
151
1180
1186
162
165
166
1191
1193
1197
176
1202
1204
1208
186
1215
1219
1221
202
205
1229
206
1230
1232
1234
1235
1236
213
1239
217
219
1245
222
1251
1254
231
233
1259
236
245
247
1273
249
250
1274
251
1276
1285
1287
267
268
273
1304
1305
282
1308
284
287
1313
297
299
300
1327
1330
311
313
317
320
321
1345
322
1348
329
1353
1354
338
342
1366
1369
1373
1376
353
1378
1379
356
358
359
360
1390
367
371
1396
375
1401
1403
382
1407
1408
1414
392
1416
1418
394
1420
1423
400
1424
1427
1431
1433
414
1438
1440
1441
1443
421
424
1452
429
1454
430
432
433
436
1461
1463
441
1466
448
1475
456
460
468
469
1500
477
1501
1502
1508
1509
486
488
1521
1522
1523
502
1527
506
507
1534
1536
513
514
1539
1544
531
1557
536
543
551
552
1576
554
556
1589
1592
568
571
1597
1601
1605
581
1611
587
588
589
590
592
1616
594
597
1629
606
1633
614
1639
1642
625
627
630
1655
632
1658
635
1660
1662
1663
642
1668
648
650
1675
652
1678
1679
1681
658
1685
663
668
1692
1693
669
1695
1697
1698
1699
1700
679
1703
1705
682
1707
1708
684
1719
1722
1728
704
1731
1732
1733
710
713
1739
716
723
1751
1757
1759
736
1760
1768
1769
1770
1771
1772
1773
751
756
758
1788
770
1794
771
772
776
1802
782
1807
784
787
1812
1815
793
797
1826
804
1829
805
1830
1831
813
1839
817
818
1849
828
1854
1855
1857
833
834
1858
1863
839
1865
1868
845
1869
846
847
848
850
852
1879
1882
1891
1892
869
871
1895
872
1896
1900
877
880
881
883
1911
1917
894
1918
895
1920
1922
898
900
902
904
1933
1934
913
1942
918
1944
1945
925
1951
1957
940
1965
944
949
950
1979
1980
958
963
1988
1990
967
1991
968
1995
1998
1999
976
2001
2002
2004
981
982
2007
985
2012
989
994
1000
2028
1004
2034
1014
1016
1017
1020
1022
32
1
132
7
72
73
138
13
145
18
19
20
23
154
28
95
32
33
99
42
44
108
109
47
55
122
59
60
124
125
62
126
63
