620
0
1
1025
1027
4
5
6
7
9
10
11
15
17
20
21
25
26
27
29
30
31
32
33
35
36
38
39
41
46
48
50
51
54
57
62
65
66
67
69
70
71
74
76
77
78
79
80
82
84
87
88
90
91
96
98
99
100
101
102
104
105
106
108
109
110
111
112
113
115
116
117
118
120
122
123
124
126
127
130
132
134
135
136
138
140
141
143
144
147
148
149
150
152
153
155
156
157
158
159
160
161
163
164
166
168
170
171
172
173
174
175
176
177
178
179
180
182
183
184
187
188
189
193
194
197
199
202
204
205
208
209
211
212
213
215
216
217
218
219
220
221
222
223
224
226
227
228
229
231
232
233
236
237
238
239
240
241
243
244
248
250
251
252
255
256
257
259
260
261
262
264
265
266
267
269
270
275
277
278
283
284
285
288
289
290
291
292
293
296
297
299
301
302
305
306
307
308
309
310
311
312
313
314
315
316
317
321
322
324
326
327
328
330
331
332
335
337
338
339
340
341
343
344
345
346
347
348
349
352
354
355
356
358
359
360
363
365
366
367
368
369
373
374
375
378
379
382
383
384
385
387
389
393
395
397
398
400
401
402
404
405
406
408
410
412
413
414
416
417
418
419
422
423
424
425
427
429
430
431
432
434
435
436
439
443
444
445
447
448
449
450
451
452
454
460
461
463
464
466
468
469
472
474
476
478
480
482
484
488
490
491
495
496
499
502
504
505
507
509
512
513
514
515
516
517
520
521
524
527
536
538
539
540
542
543
545
547
549
550
551
553
556
557
558
559
560
561
563
565
568
569
570
571
572
576
577
578
579
580
581
582
583
584
585
588
589
590
594
596
598
601
605
606
607
608
609
610
611
614
615
616
618
619
623
625
627
628
629
630
631
635
638
640
642
643
648
651
652
653
654
655
656
657
658
659
660
661
663
665
666
667
670
671
672
674
675
678
679
680
681
682
687
688
689
690
695
696
697
699
701
703
704
706
707
708
711
712
713
714
716
717
718
721
722
723
725
726
728
729
730
731
732
733
734
736
741
742
743
744
745
746
747
748
749
750
751
752
754
755
756
758
759
761
762
763
764
766
767
768
769
771
772
774
779
780
784
785
786
788
789
790
792
795
797
798
801
802
803
809
810
811
812
813
814
815
817
818
820
824
825
826
828
829
830
832
833
834
842
844
845
846
847
848
852
856
860
861
862
863
864
865
867
869
875
877
883
885
887
890
892
893
895
896
897
898
905
906
907
909
910
911
913
914
915
916
921
923
924
927
929
931
933
934
935
937
938
939
940
941
943
945
946
947
948
950
952
955
956
958
961
962
968
970
972
973
974
976
977
979
981
983
984
985
986
987
989
991
992
993
994
996
997
998
1001
1002
1003
1004
1005
1007
1008
1009
1010
1011
1012
1014
1016
1017
1018
1020
1022
339
0
1
2
3
4
5
6
7
8
9
10
11
12
13
14
15
16
17
18
19
20
21
22
23
24
25
26
27
29
30
31
32
33
34
35
36
37
38
39
40
41
42
43
44
45
46
47
48
49
50
51
52
53
54
55
56
58
59
61
62
63
64
65
66
67
68
69
70
71
72
73
75
76
77
78
79
80
81
82
83
84
85
86
87
89
90
91
92
93
94
95
96
97
98
99
100
101
102
103
104
105
107
108
109
110
111
112
113
114
115
116
117
118
119
120
123
124
125
126
127
128
129
130
132
133
134
135
136
138
139
140
141
142
143
144
145
146
147
148
149
150
151
153
154
155
156
157
158
159
160
161
162
163
164
167
168
169
170
171
172
173
174
175
176
177
178
180
182
184
185
186
187
188
189
190
191
192
193
194
195
196
197
198
199
200
201
202
203
204
205
206
207
208
209
210
211
212
213
214
215
216
217
218
219
222
223
224
225
226
227
228
229
231
232
233
234
236
237
238
239
240
241
242
243
244
245
247
248
249
250
251
252
253
254
255
256
257
258
259
260
261
262
263
264
265
266
268
269
270
271
274
275
276
277
278
279
280
281
282
283
284
285
286
287
288
289
290
291
292
293
294
295
296
297
298
299
301
303
304
305
306
307
308
310
311
312
313
314
316
317
318
319
320
321
322
323
324
325
326
327
328
330
331
332
333
334
336
337
338
339
340
341
342
343
344
345
347
348
349
350
351
352
354
355
356
357
358
360
361
362
363
364
365
366
368
370
371
372
373
