611
0
1
2
1026
3
4
1029
1030
8
1032
9
1036
12
1040
17
20
1045
21
22
1046
1047
1049
1052
1053
29
1054
32
34
36
1062
39
1063
42
43
1067
1070
1071
1074
52
1077
1078
56
57
61
64
1088
1090
66
67
1093
1095
73
1097
1101
1102
1103
1104
1109
1111
1112
88
1113
91
95
1119
1120
1122
100
102
103
105
1130
1131
1132
109
1135
111
113
114
117
1141
1144
1149
126
127
1152
129
131
132
133
134
1158
137
140
141
1165
1167
1168
1169
146
1170
147
1174
150
1175
151
1176
153
154
1179
155
1180
1181
158
1183
160
1185
1186
1187
1189
167
168
1194
171
1196
1197
175
1200
1202
1203
1204
1205
1207
188
1212
1213
1214
190
1219
195
1220
1225
1226
202
205
1229
1231
207
1233
1236
213
1238
215
1239
216
218
219
224
1248
225
1250
227
1251
1252
229
1253
1254
1255
233
234
235
236
237
1261
238
1262
239
240
242
1267
243
246
1271
248
1273
251
1275
1276
253
254
258
260
1284
1285
1287
264
265
1291
268
1292
269
270
271
1295
1296
272
1298
274
277
278
1302
280
1304
282
283
284
1309
1310
287
1312
1315
291
1316
292
1317
295
1319
297
1321
1323
300
1325
1326
1327
305
306
307
1332
1334
1337
1338
315
316
317
1342
319
1344
320
321
1347
323
324
1349
1354
1355
332
1357
1358
1359
1360
1361
337
338
1364
341
342
1366
1367
1369
345
1371
352
354
355
356
1381
1384
360
1385
1386
364
365
366
1393
371
1396
373
1399
378
1404
1406
383
1409
385
1410
387
1415
392
1416
1418
394
1420
1422
1423
399
1424
401
1425
402
1426
1427
404
1430
407
1438
1439
1442
1443
420
421
422
1450
1451
428
1452
1453
430
1454
1457
433
1458
434
435
1461
437
1462
1463
439
1466
1468
1470
447
1471
1473
1474
450
451
1475
1478
454
455
456
1480
1483
460
1484
463
1487
1489
1490
466
1491
468
1493
1494
470
1495
1497
1498
475
477
1502
479
1504
480
482
483
485
486
487
1514
491
496
498
499
1525
502
1526
504
1528
505
1531
507
508
1532
1533
510
1535
512
1536
513
514
1539
516
517
518
519
520
1545
1546
1547
1548
1550
527
1551
1552
528
530
1557
1562
1563
1564
540
1565
1566
1567
1570
547
1572
550
552
1577
554
557
559
1584
562
1586
1587
563
564
1589
1590
566
569
571
1599
575
1600
579
581
584
590
592
593
598
600
603
604
606
612
615
616
622
624
625
626
631
638
639
643
647
652
653
657
665
669
674
676
678
681
683
685
687
688
689
690
691
697
700
702
704
705
707
708
712
714
715
719
721
722
723
724
730
733
739
740
741
742
745
748
754
763
765
769
776
780
782
784
790
792
794
802
807
808
810
811
812
818
819
820
822
824
831
835
841
842
843
844
847
848
850
851
852
856
857
864
866
869
873
875
876
877
879
881
882
884
885
886
888
891
894
898
901
906
907
909
910
913
917
920
922
924
925
931
932
938
941
943
951
952
953
959
960
961
962
963
970
973
975
978
981
982
983
984
988
989
992
994
996
997
1001
1004
1005
1008
1009
1011
1016
1017
1018
1020
141
0
1
257
2
3
259
4
5
6
7
8
265
9
10
267
11
12
13
16
17
18
275
19
20
21
277
22
23
24
25
282
26
27
28
29
30
31
32
288
33
34
35
292
36
37
293
38
41
42
301
46
47
48
305
49
308
52
53
56
313
58
59
64
321
66
322
67
68
326
331
76
334
79
81
338
83
339
84
85
342
86
343
88
345
351
96
97
98
99
100
356
101
102
103
360
108
365
109
114
115
117
373
377
134
138
140
145
146
150
152
155
162
164
167
171
173
174
178
182
185
187
189
191
196
199
205
207
208
209
210
212
219
226
228
239
240
241
244
245
247
250
