175
0
3
261
264
266
270
15
16
272
18
275
19
277
278
26
27
285
31
288
32
33
290
34
291
35
295
42
44
301
45
302
46
47
304
49
52
308
53
55
312
56
316
60
61
318
62
320
64
65
321
67
323
69
70
71
328
329
331
75
333
77
78
335
336
337
84
85
341
86
343
345
346
348
92
93
350
94
95
356
101
359
103
105
106
107
109
110
111
368
113
114
117
374
376
120
122
379
380
124
381
126
127
384
129
385
130
386
131
388
132
133
390
136
392
138
140
398
142
144
401
402
147
150
406
407
408
409
153
154
411
412
413
414
416
162
163
164
165
166
167
168
169
171
173
174
177
182
183
184
185
187
188
189
194
200
201
203
205
209
213
218
219
222
228
229
234
237
238
239
243
245
250
252
253
255
19
0
1
2
3
4
5
6
7
8
9
10
11
12
13
14
15
16
17
18
