1027
2051
5
2054
2059
2063
17
18
2066
19
2069
23
2075
2076
2077
30
2081
33
35
2083
37
2086
38
39
44
45
2093
2095
50
51
53
2101
2102
2103
55
56
57
2107
60
61
62
63
65
67
2116
69
2117
71
73
2122
74
75
76
2125
2126
78
80
2128
81
2130
2131
84
2134
2135
88
2137
91
92
94
95
2146
98
99
100
101
2150
2151
105
107
2158
110
112
2160
113
114
2165
2168
2169
121
122
124
2172
126
2174
2176
2177
2178
130
2179
2180
133
2183
136
2184
2185
2186
2188
143
144
2193
145
147
2195
149
150
2199
2204
157
158
2206
159
2209
162
2211
2213
2214
167
2215
2218
2219
172
2223
175
2224
177
178
2226
2228
2229
182
2232
184
2233
2234
187
188
2236
2237
2238
191
2239
192
194
196
2245
2246
198
2247
2249
207
208
209
2258
2259
212
2260
215
2264
2266
2269
2270
224
225
2274
227
2277
230
231
233
2283
236
239
240
2289
243
244
2294
2295
247
2297
249
2301
2302
255
2303
2304
257
259
260
262
2311
2312
2313
267
2315
2317
270
273
275
2323
276
2324
277
2328
281
2330
283
284
2334
2336
288
2338
290
2339
291
293
2341
2342
2343
2345
298
2346
299
300
2349
304
305
2354
307
308
309
2357
2358
311
313
2363
315
316
2364
2367
2369
322
2373
326
2374
2375
327
2376
2377
2378
332
333
2381
334
2383
335
337
338
339
2387
2390
2391
344
2393
345
347
349
2401
2402
354
2403
2404
357
2405
2406
362
2412
364
365
2413
2414
2418
2419
372
373
2421
374
375
2423
2424
377
2426
379
2427
380
2429
383
2433
385
386
2435
387
388
389
2437
2438
2439
392
393
2441
2444
2446
398
2447
400
2448
401
2449
2450
403
2452
405
406
2456
409
2457
2460
2462
414
415
2465
2466
419
2470
2472
425
2474
427
429
2477
430
431
432
433
2481
434
2482
436
437
2485
438
2488
442
2491
2492
444
445
446
2496
2498
2500
2502
455
458
2508
2510
462
463
2511
465
2513
2514
467
2515
2517
472
2520
2521
474
2523
475
2524
476
477
2525
480
2528
2530
2533
487
2535
489
2538
2542
2543
496
2545
497
501
2549
502
2551
503
504
2554
507
508
2557
510
2559
513
2561
2563
2564
516
517
2567
2568
520
2569
2570
2571
523
2572
525
2573
527
2575
2576
529
530
2578
2579
2580
2582
2583
535
536
2588
542
2590
2591
544
2592
545
2603
2607
561
2610
563
566
2615
568
2617
571
2619
2621
573
574
2626
2627
579
2631
583
585
2634
587
2636
589
2639
592
595
598
2647
2653
610
2658
612
2660
2661
614
2663
2664
2667
2668
2669
622
2670
2671
2673
2674
628
2678
630
633
637
642
643
644
645
647
651
653
663
664
665
673
677
679
680
683
684
685
686
689
692
696
701
705
706
708
710
711
713
716
720
722
723
725
726
729
733
738
740
742
745
749
754
758
763
765
767
768
769
771
773
775
776
781
782
783
784
785
787
790
791
799
800
802
803
813
818
822
827
828
829
830
832
834
837
840
841
842
843
847
849
851
853
854
856
859
864
866
868
871
873
878
881
884
886
896
899
901
905
910
912
914
922
923
925
928
932
936
940
946
954
955
956
957
960
962
964
968
972
973
974
979
985
987
988
991
992
994
996
1001
1002
1004
1005
1006
1007
1008
1012
1015
1016
1021
1030
1031
1032
1033
1035
1039
1040
1041
1045
1046
1050
1058
1064
1068
1069
1070
1071
1077
1079
1080
1082
1083
1086
1087
1089
1091
1095
1101
1102
1105
1108
1113
1116
1121
1122
1126
1131
1135
1136
1142
1144
1145
1148
1149
1151
1152
1153
1157
1159
1160
1165
1169
1170
1173
1175
1181
1183
1185
1187
1188
1189
1192
1198
1201
1204
1208
1209
1212
1215
1219
1220
1226
1227
1229
1230
1233
1234
1235
1237
1240
1243
1246
1247
1248
1250
1252
1253
1256
1260
1261
1263
1264
1266
1269
1272
1273
1278
1280
1284
1292
1297
1298
1299
1302
1303
1304
1305
1306
1312
1314
1315
1322
1323
1325
1326
1342
1343
1344
1346
1349
1358
1361
1362
1364
1365
1367
1370
1371
1372
1373
1374
1376
1380
1382
1383
1385
1386
1388
1390
1392
1393
1399
1402
1403
1405
1406
1407
1411
1412
1413
1414
1416
1417
1418
1419
1420
1422
1425
1430
1434
1435
1436
1438
1446
1448
1451
1453
1457
1459
1460
1461
1464
1466
1471
1472
1474
1479
1481
1482
1487
1488
1490
1494
1497
1501
1507
1510
1511
1513
1514
1518
1520
1523
1524
1527
1529
1532
1536
1537
1540
1542
1544
1545
1546
1547
1548
1549
1551
1556
1560
1562
1566
1570
1574
1579
1588
1589
1590
1593
1594
1599
1600
1601
1605
1606
1607
1609
1611
1613
1617
1619
1621
1623
1625
1626
1628
1629
1631
1634
1637
1641
1643
1647
1649
1651
1655
1656
1657
1659
1660
1664
1665
1666
1667
1672
1674
1676
1679
1681
1686
1687
1688
1689
1690
1696
1699
1700
1702
1707
1708
1709
1710
1712
1715
1719
1727
1732
1734
1735
1736
1738
1742
1743
1751
1752
1757
1760
1761
1768
1770
1774
1777
1778
1783
1785
1787
1788
1790
1794
1799
1801
1802
1810
1811
1817
1818
1819
1820
1822
1824
1825
1827
1828
1830
1831
1836
1840
1844
1845
1850
1855
1856
1859
1867
1877
1878
1879
1880
1882
1885
1897
1898
1903
1909
1911
1915
1917
1918
1921
1922
1923
1925
1928
1930
1932
1935
1937
1938
1941
1947
1950
1952
1955
1959
1962
1967
1973
1974
1975
1979
1989
1992
1994
1995
1997
2002
2004
2012
2015
2017
2019
2020
2021
2022
2024
2025
2026
2027
2031
2037
2038
2041
2045
16
0
2
3
37
70
7
8
11
13
16
20
21
55
56
24
62
