1266
4096
2048
2049
12291
2054
10248
10249
9
6153
11
2061
6158
10255
15
12303
10256
6160
8210
10261
4117
4122
31
10274
4130
12323
10281
8233
10283
12331
2094
47
8241
2099
6196
10295
4151
6200
6201
58
10304
10306
4162
12354
4163
8260
12356
12360
8264
6218
77
8271
4178
10322
8274
2131
8280
88
2137
89
4188
95
2143
10338
2147
10340
6245
6246
8295
10345
106
12396
8301
6254
2158
2160
10354
2162
116
8310
8311
8312
10360
2169
8313
10361
4218
123
8318
126
127
2177
129
131
10372
8324
135
4231
6280
136
6281
2187
10381
143
2192
4241
4242
8338
2194
4243
149
10393
157
6302
8350
4255
6304
8355
4259
6309
4264
2217
10412
4269
174
2233
185
8379
4283
8380
4289
2243
196
197
8389
10440
10441
2252
205
10447
8400
209
2257
2259
10454
2263
6363
6367
2272
4320
10466
4324
8422
6376
4332
8436
248
6393
10489
2299
251
252
8444
8445
10493
258
259
10505
265
266
2316
4364
6412
4366
2321
274
8466
2324
4375
10519
2328
10520
8474
6426
4379
10524
284
10525
8478
8479
4384
290
4386
6436
2342
2344
4395
6444
4400
4401
6449
4404
4405
6457
2362
4411
10555
2367
322
4419
6468
4421
325
8518
4425
4428
2381
10574
335
336
4432
2385
4433
10578
2387
4436
10581
2390
6488
10585
10586
8541
4445
350
351
8544
2400
8545
2401
354
2407
8552
2408
8553
2413
4463
368
8560
2420
6518
378
379
8573
381
10621
382
6529
4482
8578
10626
4483
4485
390
2438
6534
2439
8585
8586
4492
397
8591
8592
10641
10642
4498
405
10646
8599
408
2459
4510
417
4513
2466
4515
8611
2469
6566
4519
6568
10666
426
4522
428
2479
4528
6578
4530
2482
2483
10677
8630
8632
4538
10682
6587
8638
6591
2495
4544
8641
4546
4547
8645
6600
10696
456
8652
6604
464
6610
8659
2515
2516
4566
2522
8669
10717
477
481
8674
4582
2534
8681
4586
492
4589
2542
495
2543
10736
2546
8691
6645
8695
4605
510
10752
4608
512
8709
6663
8714
524
8716
8719
6674
2579
6676
10772
8725
534
537
538
539
4637
8735
10786
6692
4645
2599
2601
555
4651
4654
10798
10802
10808
6714
573
576
8771
4675
4679
10824
588
2637
2641
4690
10836
10842
4698
4702
6751
2656
609
10850
610
8804
6757
8810
618
4716
6766
2671
2672
2678
10871
4727
6776
4730
4731
4732
4735
6783
646
10888
4744
649
6793
6799
2704
657
2706
8850
8852
10901
4757
8853
6806
663
2712
2718
671
672
6817
10914
4770
2722
4771
676
10916
679
10919
2727
680
8874
8875
10923
684
2732
2733
4782
10927
2738
4788
4791
698
4795
8892
10940
6845
703
10945
706
708
2757
4806
10953
8906
8909
4815
6864
2768
6866
6867
4820
10966
10968
4824
4827
10978
6884
741
2789
8935
2792
8937
2794
747
4844
6894
2798
8945
8947
10996
6902
762
4858
2811
766
768
11011
4867
772
8964
774
2822
776
8976
8977
11027
4883
6932
788
8982
791
792
8988
8989
11038
2847
6945
2851
803
8996
4902
806
811
4909
11054
4911
2865
6962
2867
11059
4915
4917
11062
6968
2874
6971
11068
2878
832
2880
2882
835
9029
838
2888
4939
4949
9045
2902
2903
2905
7002
11098
2906
11099
7007
9057
4961
4962
867
4968
9065
7019
11117
2925
878
2928
9072
4977
2930
7027
4982
2936
11128
890
4988
2942
4993
897
9093
7045
2951
904
9098
906
7050
907
5005
11151
912
7058
5010
7063
926
9120
2981
11173
935
2984
11177
11180
2988
941
7090
7091
5044
7093
952
7098
3002
955
9147
7102
962
968
970
9162
7116
972
973
7118
9167
11215
3023
3024
11217
5075
3030
7126
983
11223
9177
985
9178
11228
7136
7140
1002
1007
7152
9200
3056
9202
9204
3062
5116
1020
1021
7165
3071
1027
9219
3077
3078
11270
9228
1037
9230
11279
1039
5139
11284
7188
1044
9237
5141
11288
7193
3097
11295
9247
9250
3106
7204
11301
1062
7211
9260
3119
3120
3123
7219
5172
9272
1081
9277
7230
11327
9279
9280
3136
5185
1091
5188
7241
1098
9290
7244
9294
11343
1103
1104
3153
11345
1106
11349
7254
1110
3158
11351
3162
9309
5218
9314
11363
7270
1129
9324
5229
5230
3184
11378
5234
7282
5239
5240
11389
9342
9343
9345
11393
9346
3203
7300
1158
11399
7304
3211
3212
9357
1169
1170
5266
3220
11413
5270
9366
5274
11418
7323
1185
5282
9378
7332
3237
7337
1193
3242
11434
5294
11440
1201
1202
3251
9396
5301
3254
9399
7353
9404
5310
1215
9410
5315
3269
9413
11461
5321
7371
9421
11469
9424
9425
5331
3284
1238
1239
3288
3291
5340
11486
3295
11488
1248
3297
3301
7399
7401
11497
1258
5355
3307
5356
7409
5364
9460
9464
11514
5376
3335
5384
11529
9484
7444
9493
11544
3353
5405
1311
7455
9505
5410
9507
3364
5413
1321
3370
3372
1324
5423
9521
11569
3379
11571
5429
1335
7481
1341
3392
11588
7494
1352
3400
5449
5451
1359
5458
11602
11603
9555
7514
3422
11615
1381
3430
9576
7529
3433
3434
5483
5486
7536
3441
5493
9589
7543
9591
3449
7545
7546
1403
3451
1405
5502
1410
1412
11652
5509
11656
7561
3467
3468
1421
3470
9614
9615
9616
1424
1425
11669
11670
1432
7578
5531
9628
3485
1437
9630
3486
5534
11680
9633
7586
3491
1445
9639
1449
7597
3502
3504
7602
5554
3510
7610
11707
7613
5566
1474
7619
1477
11717
9672
11720
9673
7626
5583
11727
9681
3542
9686
11734
3543
9687
7639
7640
7641
9693
5599
9696
11745
3555
9701
3557
7653
1510
5606
7655
5607
5608
1512
9705
9708
1517
11759
9714
5625
11771
9724
5632
3584
7683
1539
3589
3590
9736
11786
11787
5646
3602
1557
11798
5655
1562
3611
9758
5664
3617
11811
9765
3621
1573
7720
5673
1579
1581
7726
3631
9777
9779
7733
3638
3639
1594
1597
11837
7742
3649
9793
7746
11843
7748
11846
3658
5708
1612
3660
5710
9806
9807
1616
1618
7764
1620
11865
3675
5723
9820
1629
7773
11871
3679
5728
11876
9829
1638
5735
1641
9834
9836
9837
3694
7793
7795
7797
1659
11903
1665
1666
1668
7818
7819
1681
9873
1682
3730
7830
1687
3735
9880
1688
7832
5784
1689
5788
7837
9887
7839
5791
1698
1700
1701
9894
1703
11945
9897
1706
3755
7854
5807
9904
3766
11959
1720
3768
5817
3769
9913
9915
1724
1726
9922
5827
1733
11973
1734
9928
9929
3786
5839
7889
9938
3795
3798
11991
5847
1752
7897
11994
9951
12001
5859
1764
5861
9958
5862
1769
12010
9962
1770
3819
5867
9965
1774
5871
3823
9968
3824
5874
7931
5883
3836
7932
1789
3838
7937
7939
1796
12039
9995
12044
12046
5908
7962
7963
7964
1824
5920
5926
1832
12072
5929
3882
3883
5935
1839
3888
5941
1845
3893
10039
7994
1850
12090
10043
7996
3901
3902
5950
7998
1856
5952
10053
5957
12102
3911
1864
12104
5963
3918
1870
3920
3923
8022
5977
3929
3931
1884
5981
1887
3935
12128
3941
1896
5993
10091
1901
12144
6000
12146
1908
10102
8056
1916
12161
10113
12162
8071
1929
8073
1931
1933
12173
12174
8080
8085
8087
10140
1948
6045
1957
8104
4014
6063
10160
10162
1970
10163
1976
1978
10170
12220
8128
6081
4037
10181
12230
10185
4042
8140
6097
8147
4053
6105
8153
12250
10202
8154
2016
2018
8164
10214
8168
6124
4077
2029
10221
2030
10223
2031
8175
4080
2035
12275
10229
8183
8184
2043
6140
8189
2045
2047
15
288
385
1
103
263
106
108
76
141
111
22
216
121
379
251
