686
1024
0
2
3
4
1028
1029
6
1030
7
1031
8
1033
10
1035
11
12
13
1037
14
15
1040
16
1044
20
1045
21
22
1046
23
1047
1048
24
25
1050
26
1051
27
28
1052
29
1053
31
1057
34
1059
35
1060
37
1061
39
1064
40
41
1065
1066
43
1068
45
1070
47
1072
48
1073
49
1074
1075
51
1076
52
1078
1079
55
1080
56
1081
1082
59
1083
1084
61
1085
1086
1087
63
1088
1089
65
66
67
1091
1092
69
1094
71
1095
1096
1097
1098
75
1099
1100
78
1102
79
1103
1104
81
1106
82
83
84
86
87
88
89
92
94
97
98
100
101
103
105
106
107
109
111
113
114
115
116
117
119
123
125
126
127
128
134
135
136
137
138
140
141
142
144
145
146
147
148
149
150
151
152
154
156
157
159
161
162
164
166
167
169
171
172
173
175
177
178
183
184
185
187
188
189
190
191
194
199
205
208
210
213
214
216
218
219
221
223
224
226
227
228
230
233
235
239
242
243
245
247
249
250
251
252
253
254
255
257
258
259
260
262
263
265
266
268
271
272
274
275
276
277
279
280
282
285
290
292
294
295
296
297
298
300
302
304
305
306
307
311
312
315
316
317
319
321
322
323
325
326
329
330
331
332
334
337
338
339
341
344
346
347
348
349
350
354
355
356
358
361
365
369
372
374
375
377
379
380
381
382
383
384
385
386
387
388
389
390
392
393
394
396
398
403
404
408
409
410
414
416
419
420
422
425
427
428
429
430
433
434
436
437
438
444
445
446
448
449
450
451
453
454
455
457
458
459
460
461
462
463
464
465
466
467
469
472
473
474
476
480
481
482
483
484
485
486
489
490
491
492
493
494
497
499
500
501
502
503
504
508
510
511
516
517
518
519
520
521
523
524
525
527
528
529
530
532
534
535
537
538
539
540
542
544
545
546
547
549
550
551
552
553
556
558
559
562
564
565
566
567
568
570
571
572
573
574
575
577
579
582
583
584
588
589
590
591
596
598
601
602
603
604
605
607
608
611
612
613
615
617
619
621
622
625
626
627
628
629
630
635
640
643
647
648
649
652
654
655
657
662
663
664
667
670
671
674
676
677
678
679
680
681
683
684
686
687
689
690
694
695
696
697
699
700
702
703
704
706
709
711
712
713
714
715
716
717
718
720
722
724
725
726
727
728
729
733
735
736
737
738
740
741
742
744
745
746
747
748
749
753
755
757
758
759
760
762
763
764
765
766
768
769
771
774
776
777
778
779
785
786
787
788
789
790
791
792
795
796
798
800
801
808
809
812
814
816
817
819
823
824
825
828
829
831
832
833
836
837
838
841
842
843
845
846
848
849
850
853
855
857
858
860
861
863
868
870
871
872
874
875
877
878
879
882
883
885
886
887
889
892
893
894
895
897
898
899
900
901
902
904
905
906
908
909
910
912
913
914
915
916
917
918
920
922
923
924
925
926
929
930
931
933
934
935
938
939
941
942
943
945
948
949
951
952
953
954
955
956
957
958
959
960
961
963
965
966
967
968
969
970
972
973
974
975
976
978
979
980
981
982
983
984
986
987
991
992
994
995
996
999
1000
1004
1009
1010
1011
1013
1014
1018
1019
1020
1021
1023
27
0
1
2
3
4
5
6
7
8
9
10
11
13
14
15
16
17
18
19
20
21
22
23
24
26
27
28
