2862
0
1
4100
8196
8197
6
8198
8199
8200
9
8202
11
8204
4109
4110
8207
15
4112
16
8208
4113
8210
18
20
4116
4117
8213
8214
22
24
4120
25
4123
29
4127
4128
8224
32
4129
34
4130
8227
35
8228
4132
37
8229
4134
8230
4135
8231
4137
8233
4138
42
4139
8235
8236
4143
50
4147
8243
4150
55
8250
58
4154
8251
8252
8254
62
8255
8257
8259
8261
4165
4166
71
8263
4167
8264
72
4171
8267
4172
77
79
4175
8272
80
4179
8275
83
86
4182
8278
8279
8281
8283
4188
8285
8286
96
8288
8289
97
4194
98
8290
100
8292
8293
102
8294
103
4200
4201
105
8297
4202
110
8305
4210
115
116
4212
4213
117
8309
118
119
4215
4217
8313
8316
4220
126
129
4226
134
4232
4233
137
4236
143
144
4241
4242
148
149
4245
4246
4248
152
4249
4251
158
159
162
164
166
4262
171
4267
4268
174
176
4272
177
4274
4276
180
182
185
4281
4282
187
188
192
194
198
199
4296
4297
4300
4301
4302
4304
4305
4307
213
4311
216
4315
220
221
4317
223
4319
224
4321
229
4327
232
233
4334
4337
241
242
4339
4340
4341
4343
249
251
4348
254
4351
258
261
262
263
264
266
4362
269
270
4367
275
4373
278
4374
283
285
4383
288
4385
290
4387
4388
293
4389
295
4391
296
297
298
303
4400
305
4404
308
311
312
4408
313
316
4412
317
318
4414
319
321
4417
4419
325
326
330
332
4428
4430
4432
337
338
4438
344
4440
346
4443
347
4444
352
355
4452
4454
360
361
4457
4458
362
363
368
4467
371
373
374
4473
378
4475
4477
4479
383
384
385
4481
4482
4483
387
4484
4486
392
4489
4490
396
4492
4495
4498
404
4500
4502
4505
4506
4508
4509
4511
415
416
4513
4516
4517
422
4519
423
427
4523
429
431
4528
433
436
438
4535
439
440
4538
4539
445
447
4543
450
4546
4547
4549
4551
456
4553
4555
460
464
4561
465
466
4562
467
468
4565
471
4567
472
473
4572
4573
4574
4575
4576
481
483
484
485
487
4585
4587
491
4589
493
4591
496
4593
497
4595
504
4600
4604
4606
510
514
4610
4611
515
516
4612
4613
518
4614
519
4616
521
4619
526
4623
527
528
4625
4627
531
532
4630
4632
4633
4638
544
548
550
551
4647
4648
554
555
559
560
4658
562
563
4660
568
4664
4665
570
4666
571
4668
4670
575
576
577
4674
578
4675
581
582
4678
4679
583
4680
585
587
4686
590
593
4689
594
595
596
597
600
4698
603
4701
607
4705
609
4706
4710
614
616
4713
4716
622
4718
623
4720
625
4722
4724
628
4727
631
632
634
635
4731
4732
637
640
4738
4739
643
4740
644
4741
646
648
4744
4745
649
650
4746
651
4750
4751
4752
659
4755
660
4758
4759
663
4761
4762
666
667
4764
4765
4766
670
4767
4772
4775
4777
4778
682
683
4781
687
688
692
4789
4791
4793
4794
699
700
701
702
703
4804
708
709
710
4807
711
4808
714
716
718
719
4816
722
4819
724
725
4821
726
728
4825
730
4827
731
4828
4829
733
4831
4833
739
4836
743
744
4841
746
4843
747
4844
4845
750
4846
4847
752
4848
4849
4850
4851
4852
756
4853
4854
760
761
762
763
4859
766
4862
4863
767
769
770
4867
773
4869
775
4871
776
777
778
779
780
781
784
4882
786
787
788
4885
789
4886
790
4887
794
4892
4894
798
4901
808
4906
812
4910
817
4915
4918
822
4919
4920
4921
827
4923
4925
831
4928
4929
833
4930
4931
836
4932
4935
839
4938
843
846
849
4947
4949
854
4952
859
4957
862
864
4961
4964
4965
869
870
4969
4970
874
875
876
877
4973
4974
4977
4979
884
885
886
889
4985
891
4987
892
4992
897
899
4996
4997
4998
903
907
5003
908
5005
909
5006
5007
5008
912
913
914
5011
5012
916
5013
917
918
923
924
5026
932
934
936
5032
5033
944
5040
5041
946
5042
5043
948
5048
953
5049
5050
959
5056
960
5059
963
964
5060
966
968
969
970
5066
971
973
978
5074
5076
5077
5079
984
5080
5081
5082
988
991
994
995
5093
999
5097
5098
5099
1006
5103
1008
5105
1009
5110
1018
1019
1020
1021
5118
5120
1024
1025
1026
1027
1029
5127
1031
1032
5129
1033
1038
5136
1041
1045
5141
1048
1051
5147
5150
1055
1056
5154
1061
1065
5161
1066
5166
1070
1071
1073
1074
5171
1077
5174
1079
1080
5177
5181
1085
1086
5188
1093
5190
1094
5191
5196
1101
1103
1104
1105
5201
1106
5204
5207
5208
5209
5211
5213
1117
1121
5219
1124
5220
1125
5222
1129
1131
5230
1135
5231
1141
5238
1144
5241
1146
5245
5246
1151
1152
1153
5249
1155
1161
1163
1164
5261
1166
5265
1170
1171
1172
5269
1174
1175
1176
1177
5275
5276
1181
1182
5282
1186
5284
1188
5285
1190
5286
1191
1192
1199
5296
1203
5299
5300
5301
1207
5305
1209
1211
1212
1214
5312
1216
1217
5316
1221
1222
1223
5320
5322
1229
5325
1230
5327
1232
5330
1236
5332
5333
5334
1238
1239
1240
1241
1242
5339
1244
5341
1247
1249
5345
1250
5347
1251
5348
1256
5353
1259
5356
1260
1261
1264
5364
1269
5366
1270
1272
5371
5372
1277
5373
1278
1280
1281
1283
5379
1284
5384
1290
1291
1293
1294
1295
5392
1299
1300
1302
1303
5399
5400
5401
5402
1307
1308
5404
5405
5407
1311
1312
5409
5412
5413
5414
1321
1322
5419
5420
1324
1327
5423
5425
1331
5429
1337
5434
5437
1341
5441
5442
5443
1348
5446
1350
1351
5448
1352
1354
5451
5452
1356
5453
1358
1359
5457
5458
5459
5461
1366
5466
5467
1371
5468
1376
5480
1384
5482
5484
1388
1389
5485
1391
5487
5488
1392
5491
5492
1396
1397
1398
5494
1400
5498
1404
1406
5503
1409
5508
1414
1415
1417
1418
5514
1419
5516
1421
1422
5519
5520
1425
1426
1427
5524
1429
5526
1431
5528
5532
1438
1439
1442
5538
5539
1443
5542
5544
5545
1450
1452
5548
1455
1456
5553
5556
5557
1461
5558
1463
5559
1464
5561
1468
1469
1470
5566
5568
1472
1473
1474
5575
1479
5576
5577
5579
1483
5581
5585
1489
1492
5589
1495
1496
5593
5597
1502
5600
1504
1508
5605
1510
1512
5610
1514
1516
5612
1517
5613
5614
1519
5615
1521
5617
1523
1525
5622
1526
5627
1533
5629
5630
1535
5631
5634
5637
1543
1544
5641
1549
1550
1551
1552
5649
5650
1556
5655
5656
5659
1565
5663
1568
5666
1573
5671
1576
1577
5673
5674
1579
1581
5680
1585
1587
1589
5686
1593
1595
5692
5694
5695
1600
5697
1601
5699
1604
1607
5703
1608
5708
1612
5710
1614
1615
5712
5713
1619
1620
5717
5718
5719
5722
5723
1629
5726
5728
1633
1646
5743
1647
1649
5745
1652
5749
1653
1654
1655
1656
5753
5754
5755
1660
5756
5758
1663
5760
1668
5768
5769
5771
5772
1679
1680
1682
5779
1684
5780
5782
5783
1688
1689
5786
1690
5787
5789
1694
5790
1695
5791
5792
1700
5797
1704
5801
5805
1710
5806
5809
1713
5811
1715
5812
5813
5815
1720
5818
1723
1726
5823
1728
5825
1729
1732
1733
1736
1737
5834
1738
5835
5836
1743
1745
5841
1746
5843
5844
5850
1755
5852
5854
5856
1761
5859
5860
1765
5861
1766
1768
5867
5868
1773
5870
1777
1778
5877
5878
1782
1783
1784
1785
5881
5883
1787
1789
1790
5887
1791
1793
5889
5893
1799
5896
1803
5900
1805
5903
5904
1809
1811
1813
1815
5913
1817
1818
1819
5916
1820
5917
5918
1824
1825
1826
1830
1831
1833
5930
1835
1836
1839
5935
5937
1841
1842
5938
1844
1845
5941
1846
5943
1850
5948
5949
1853
5950
1856
5955
5956
5958
1865
5961
1866
1870
1871
5969
1875
5972
1877
1878
1879
5975
5977
1885
1886
1887
1888
5984
5986
1890
1891
5988
5990
1895
5991
5992
1897
1898
1900
1904
6001
1906
6002
1908
6005
1911
6011
6012
1917
1919
6017
1921
6018
6021
1925
6023
1927
1928
1929
6028
1934
6031
1936
6033
1939
1940
6037
1942
6041
1946
1947
6043
6046
1950
6048
6049
1955
6053
1959
6055
1960
6057
6058
1962
1965
6062
1968
6066
1972
1973
6069
6070
1976
1978
1979
6076
1982
1983
6080
1984
6081
1987
1988
6087
6089
1993
1994
1997
6094
6095
1999
2000
6098
2003
6100
6103
2008
6104
2009
2010
6107
2011
2012
2014
2015
6111
6112
6113
6116
2020
6118
6119
2023
2024
6120
2026
6123
2028
6125
2030
2031
2032
2033
6129
2034
2036
2037
6135
6139
6140
6141
2046
6142
6144
2049
2050
6147
6150
2054
2055
6153
2057
2058
2063
2064
2066
2070
2072
6169
2074
2075
6172
2078
6174
2079
6177
6180
2085
6182
2087
2088
2092
2093
6190
2096
6193
2097
2099
2101
6197
6198
2104
6204
2111
6207
6209
2114
6211
2116
6212
6215
6217
6218
2123
6222
6227
2132
2135
2137
6238
2145
6244
6245
2151
6248
6249
6250
2156
6252
2157
6254
2159
6256
6257
6259
2165
6262
2167
6263
2168
6264
6265
2171
2172
2174
2176
6272
6273
2178
2179
6277
2181
2184
6280
2188
6286
2190
2191
6288
2196
2197
6293
2200
6298
2202
2204
2205
2209
6306
2211
6307
2212
2213
2215
2218
2219
6316
2221
6318
6320
2224
2225
2226
2230
6330
6332
2242
2243
6340
2245
2246
6345
6346
2252
6349
2253
2254
2256
2257
2258
6355
6357
2263
2264
2265
6363
2268
6365
2270
2272
2275
6373
2278
6375
2281
6378
2282
2283
2284
2285
6383
2288
6386
2291
6388
2292
6389
6390
2295
6391
6392
2296
2298
2299
2301
6398
6400
6402
2307
6406
2311
2312
6408
6409
2314
6411
6412
6413
6414
2319
6416
2322
2323
2328
2329
6426
2331
2332
6428
2333
2334
6430
6431
2337
6433
6436
6437
6439
2344
6441
2346
6442
2347
6443
2348
2350
6449
2353
2355
6452
2357
2358
2360
6457
2362
6458
2363
6460
2364
6464
2370
6467
2374
2375
6472
6473
6475
2380
6482
2387
6487
2392
2394
6490
2395
2396
2397
6495
6496
6497
2402
6501
6502
2406
2412
2413
2415
6512
2417
2418
6515
2419
2422
2423
6519
2429
2430
6527
6531
2438
6535
6538
2443
2444
6543
2448
6547
2451
2454
2456
2458
6555
6558
6559
2464
2466
6563
2468
6564
2472
6568
6572
2479
6575
2480
6576
6578
2482
2483
6581
6584
2489
2491
2492
2496
6593
6595
6598
2504
2505
6601
2506
2508
6610
2515
2516
2520
2524
6621
2525
2530
6627
2531
2532
6629
6630
6631
6633
6634
2538
6635
2539
2540
2544
2545
2546
6643
2548
6644
2549
2552
6650
6655
2559
2561
6659
2566
2568
2571
6669
2576
2577
6674
6675
6676
2581
2585
2586
2587
6685
6687
6688
2592
2593
6690
2595
2596
6692
2599
2602
2603
6700
6701
6702
2607
2608
2609
2611
2612
2613
6710
2615
6711
2617
2618
6716
6718
2623
6719
6720
2625
2628
6727
2631
6728
2634
6731
2635
6732
2641
6737
2644
6740
2645
6743
6745
2652
2653
2655
6752
6753
6755
6756
6762
2668
6766
2670
6767
2674
6771
2678
2679
2680
6778
2683
6780
2684
6781
6783
6784
2689
2691
6790
6791
2697
6794
2700
2704
6804
6805
2709
2711
6808
2714
6810
2716
2718
6814
6815
2719
6816
2721
6818
6821
2730
6827
2731
2733
6830
6831
6832
2740
6838
2742
2744
6842
6843
6844
2755
6851
6855
6856
2763
6859
6860
2765
6867
6868
2773
2774
6870
6871
6872
6873
2779
6876
2780
2781
6878
6882
6884
2789
2792
2794
2796
2799
6895
2801
2803
2804
2805
6901
2806
2807
2811
2812
2813
6909
2816
6913
2819
6919
2823
6920
2825
6921
2826
6924
2828
6926
2832
6928
6929
6930
2834
6932
6934
2838
2839
2840
2842
6939
2845
6941
6942
2846
2848
6944
6945
2850
6947
6951
2855
2856
6953
2857
6955
2860
2863
6959
2866
6965
6967
2871
2872
2873
6971
2875
6973
2879
6976
2882
6978
2883
6979
2884
2886
6982
6984
2890
6988
6990
6992
2896
2898
6998
2903
2904
7002
7003
2908
7005
2909
2910
7007
2912
2913
2914
7012
7013
2919
2922
7021
2925
2926
7026
2931
7030
2934
2936
2940
2941
2942
2944
2948
7047
7048
2952
2955
2960
7057
7058
7061
7062
7063
2968
2971
7069
7071
2976
7073
2980
7080
7085
7086
7088
2993
2995
2996
2997
7093
7096
3002
7102
3007
7103
7104
7109
3018
7117
3021
7119
3025
7125
7127
3034
7131
7134
3039
7135
7137
7138
3054
7151
3056
7152
3058
3059
7156
3063
7160
3065
7161
3069
7166
3071
7168
3075
7171
7174
3078
7175
3079
7176
3081
3084
7180
3085
3086
3087
7183
7184
3089
7186
3091
3093
7190
7198
3104
7201
3107
7203
3108
7204
3110
7208
3113
7212
7213
3117
3121
7218
7219
7220
7222
3126
7227
7228
3133
7230
7237
3141
3142
7239
3143
7240
7243
7244
7245
3152
3154
7254
7255
7258
7259
7260
3164
7262
3168
3169
7267
7269
7270
3179
7275
7277
3182
3183
7279
3184
7281
7284
7286
3190
7289
7290
3195
7292
3197
7296
7297
3202
7299
3204
7300
7301
3205
3206
7303
7305
7307
3212
3213
3215
7311
7312
3217
3220
7318
7319
3224
7322
3226
3227
7323
7324
3228
7329
3233
3236
3238
7336
3241
7338
3243
3245
3247
7346
7349
7351
3256
3259
7357
7358
3263
7359
7360
7361
7365
3270
7368
3272
3273
7371
3276
3277
3279
3280
7378
3283
7380
7381
3286
3287
7385
3290
7386
3291
7387
7389
3294
7392
7396
7399
7400
3304
7404
7407
7409
3313
7412
7414
3319
7416
7421
3328
7424
3331
3332
3333
7430
3338
7434
3340
7438
7439
3345
7442
7447
3352
7449
7453
3357
7457
3361
3363
7460
7463
7464
7468
7470
7471
3377
7473
7475
7478
3383
7481
3385
3390
7489
7490
3394
3396
7498
3405
3410
7508
3415
3419
7516
3420
7517
3422
7519
7522
7524
3428
3430
3431
3433
7529
7536
3442
7540
3446
3447
7543
3448
3449
7545
3450
7546
7548
3452
7549
7551
3456
7552
3457
7556
3460
7557
3462
7559
3464
7560
3465
7564
7567
7568
3472
3474
7571
3475
7572
3479
7575
7576
7577
7580
7583
3491
7587
3494
7593
3497
3498
3499
3500
3501
7597
7599
3504
3506
7602
3507
7605
3509
7608
7609
7611
7612
3517
7614
3518
3519
3523
7621
3526
3528
7625
3531
7628
7629
3537
7633
7634
3539
7638
7640
7641
3545
7642
7643
3548
7646
3552
3553
7650
3554
7651
3557
3558
7658
3562
3563
7659
3565
7662
7663
7665
7668
3576
3577
7673
3579
7677
3582
7679
3583
7681
7682
7683
3588
7685
3590
3592
7689
3601
3602
7699
7701
7704
3612
7710
7713
3618
3619
7718
7719
3623
3624
3626
7723
3628
7725
7729
3639
3641
7739
3643
7740
3644
7741
7742
3647
3648
7746
3652
3653
3654
7752
3656
7753
7754
3658
3659
7756
3660
3661
7758
3663
3665
7762
3666
3668
3669
7770
3676
3677
7775
3680
7777
3681
7778
3682
7780
7784
3689
7786
3699
3702
7798
3703
3704
3706
7804
3708
7805
3710
7807
3712
7809
3714
3716
7812
3717
7814
3719
3720
7817
7818
3722
7819
7820
3724
3727
7824
3730
7826
7828
7829
3734
3736
7834
3738
3739
3741
3742
7838
7839
7841
7842
7845
7847
7849
3755
3756
7852
7855
7856
3761
7857
7858
3763
3767
7865
3771
7867
7869
7870
7872
3779
3780
3781
7878
3783
3784
7880
3785
3786
7883
7884
3789
3791
7890
7892
3798
3799
7897
7898
3804
7901
3808
3809
7905
3811
3812
3815
7913
3818
7914
3819
7916
7917
7918
3824
3825
7924
7925
3830
7927
3832
3833
7931
3835
3836
7933
3837
7935
7936
7941
3847
7944
7945
3850
7946
3852
7951
7952
7953
3858
7958
3863
7959
7960
7961
3866
3867
7966
3870
3873
7970
7973
3877
7974
3879
7976
3881
3882
7978
3883
3886
3887
3889
3890
7986
7989
7990
3897
7995
7996
3901
8001
8002
3910
3911
3914
8011
8012
3917
3918
3919
8017
3922
3923
8020
3924
3925
8021
3926
8022
8025
8026
3931
8028
8029
3933
3934
3935
8031
3936
3937
3939
8035
3940
8036
8039
3944
8041
8042
8043
3947
8044
3948
3950
3957
3958
8054
8056
8057
3963
8062
3967
3971
3973
8070
3975
3976
3977
8076
8077
3982
3984
3985
3988
3989
3991
8090
3994
8092
8095
3999
8097
8101
4006
8102
4007
8104
8106
8108
8110
8112
8114
4018
4020
4022
8118
8119
4023
8120
4025
8122
4027
4031
8127
8129
4035
4038
8137
8139
8141
8143
4049
8147
4052
4053
4054
8150
8152
4056
8153
4058
4059
4061
8157
4062
8158
4063
8159
4064
4065
4067
4068
8168
4073
8171
4076
8173
4079
4081
8177
4082
8179
8184
8185
8188
4094
21
0
1
33
35
67
5
73
10
44
142
78
16
19
20
85
86
22
155
94
31
63
