2716
0
1
4098
2
4
5
7
8200
4105
8201
8202
11
8203
8204
4108
12
16
4112
20
8214
8215
8216
25
4124
29
4125
8222
4126
30
31
32
8224
4129
33
8226
8227
4131
8228
36
8230
4136
8233
42
8234
4139
4140
8237
47
4143
8239
8240
49
52
8245
8248
4153
8249
57
59
60
8252
64
4161
65
4162
66
4164
70
4167
4169
8266
75
4175
8272
4176
81
4177
4178
83
8277
85
86
8278
87
8279
88
91
92
93
4189
4190
95
4191
97
98
8291
100
4196
4197
8294
4199
105
8297
8301
112
8304
8305
113
8306
8310
4216
120
8314
122
124
8316
125
4221
126
8318
4223
129
8324
4231
8330
4234
4235
141
8334
143
8336
148
8343
151
4247
4248
152
153
8347
4251
156
4254
160
4257
8356
165
4262
8358
166
167
168
169
8362
4266
4268
177
8370
8371
8372
180
4280
184
185
8378
188
190
8384
193
197
4294
199
4296
200
4298
8395
203
8397
8398
207
8400
8401
4306
210
4307
8404
212
4309
4311
8407
8409
8410
218
8412
222
4318
223
8417
8419
4324
228
8420
8421
229
4325
4326
4329
4332
236
237
8430
4335
8432
4338
242
245
8439
248
4346
4348
252
253
256
8448
259
8451
4355
8452
260
4358
4362
267
4364
8460
269
8462
4366
4370
8466
8467
276
4373
277
8471
4376
4379
285
288
8480
4385
4387
8488
297
8490
8492
8493
8495
303
4400
4402
4403
8499
8500
4406
4408
312
8504
313
8506
315
8510
4418
322
323
4420
8518
327
4425
331
333
4429
8525
334
335
336
4433
338
8532
8534
342
8536
4441
4443
348
4444
4447
4448
353
354
4452
8548
358
359
361
4459
364
365
366
367
4464
4467
8563
4468
374
8569
8571
381
8573
4477
8574
4478
4480
8577
4483
387
389
8583
392
8584
8585
4490
4491
396
4493
4494
8595
8597
406
8598
407
8600
409
4506
412
4508
8604
4511
415
8607
416
417
8610
4515
420
4516
426
8618
4525
429
8623
8625
433
435
8627
4532
436
437
438
8631
441
443
4539
447
8639
4544
8641
449
450
454
4555
8652
460
8653
8656
465
466
4562
467
8660
4567
471
472
8666
477
8669
478
8671
480
8674
4578
483
4579
484
8682
8683
4588
492
494
8686
4591
499
8691
502
4599
4602
508
4607
4608
8710
4615
522
523
4622
527
4623
528
8721
8722
8724
537
8731
4636
541
8735
544
546
547
8741
4645
554
555
4652
556
4654
8750
559
4656
561
562
4660
564
8759
4664
8762
570
8763
571
573
8765
8766
4671
8767
4673
578
4674
8771
8772
8774
8776
4682
588
8781
8782
590
4686
8783
591
592
8784
594
597
598
4694
599
4696
8792
8793
4697
8794
605
4705
610
611
8803
612
613
8805
4709
8806
8807
4713
619
4717
624
8816
625
8818
627
628
8823
4727
4728
8825
4729
4730
635
8827
4732
8828
4734
4738
643
4742
647
649
4746
8843
4747
8844
654
4751
8848
656
8849
657
658
8851
660
4757
662
4760
665
666
668
8861
669
8862
671
4768
8865
8867
4772
680
681
8874
682
4780
8877
4785
689
4786
691
8884
8885
693
4790
695
4791
698
4794
8893
8894
702
703
8895
8896
705
4801
4806
8902
713
4810
8906
8907
4812
8908
4814
4818
724
8916
4823
731
8923
736
737
8929
738
8934
745
8939
747
8941
750
751
4849
8946
4851
756
4852
757
4854
761
8953
8954
763
764
4860
4862
768
4864
8961
4867
772
8966
4871
776
8970
779
781
8973
782
8974
783
4882
786
4883
788
4884
8980
790
4886
8983
4887
8986
4891
8988
4892
798
4894
8993
802
8994
4899
806
4903
808
9001
4907
812
4909
815
816
9009
4915
4916
4920
4924
9021
4925
830
9024
834
9031
4935
4936
9032
9038
4943
4944
9041
9043
9045
4950
9047
9048
4953
4954
9052
861
9053
4961
9059
868
9061
872
4968
874
9066
4971
4972
4973
9070
879
4976
880
881
9076
9077
9079
9080
4985
9085
9086
9087
9088
4993
4996
4997
902
4998
5000
906
907
5003
9100
5004
9103
5007
9105
913
5010
918
5016
920
5021
925
9118
9121
929
933
936
937
9130
9131
940
5036
9135
943
9139
948
949
5046
9142
952
9145
953
5052
956
5054
959
5055
5060
964
5061
5064
9162
970
974
975
5072
976
977
5073
9170
9172
9176
9177
985
9179
5084
9183
9184
5089
5093
997
998
5094
1000
9194
5102
5103
1008
9202
5107
9203
1011
5108
1013
5109
5110
9207
1016
9208
5113
9209
1017
5114
9210
9211
9212
9216
9217
1025
9218
5124
1028
5125
5126
1031
9223
9225
1034
9229
5134
1040
1042
9234
5142
1046
9239
9240
1050
1051
5147
5148
9246
1055
1056
5153
9251
1061
1062
5160
5161
1065
9259
9260
1071
9267
1076
1078
1081
1082
9275
9277
5182
9278
9280
1089
5186
5187
1092
5188
5189
5191
9290
1099
9291
9295
1104
9297
9299
1109
5205
5207
1112
9304
9307
9308
1116
1117
5217
9314
1124
5220
5223
5224
1129
1131
9325
5230
9326
1135
1136
9328
1137
1138
9331
5239
9335
1144
9337
5244
5245
9341
1150
1151
1153
5250
9346
1155
1156
5253
5255
5256
5257
1161
9354
1163
5261
1165
9357
1166
1168
9361
5266
5268
1173
1174
5274
1178
1179
1180
1181
5277
9373
9375
9376
9382
5286
9383
1192
1193
1194
9386
5291
9387
9388
5292
1197
9389
1199
1200
9393
9394
9395
1203
1206
1207
5306
1220
5317
9414
9415
1224
5321
1225
5324
1229
5326
1230
9422
9423
1231
5327
1232
9424
1233
1235
9427
1238
9431
1240
5337
9438
1252
1253
5349
9445
1255
5351
5352
1256
1257
9450
5354
5355
9452
5357
9457
1266
5363
1267
1268
9461
5365
9462
1272
9467
1276
9468
9469
1278
1279
9472
5378
1282
1283
9475
5379
1284
1285
1286
5385
9482
1290
1291
9484
5389
9485
9486
5390
1295
9488
5393
1298
5404
9502
1310
9504
5408
9506
1315
5412
5415
1320
9515
9516
1324
5421
9517
1327
5426
5428
9525
9528
1336
1337
1339
9532
1341
5437
9533
9534
5439
5442
5444
1350
5446
1351
1355
1356
5452
9548
9550
1359
5457
5458
9555
5461
9558
1366
9560
1369
1372
1375
1376
9568
9569
1377
5473
9571
1380
9572
5477
9574
5479
1384
5480
9580
1389
5488
1393
5491
5492
9589
9590
1398
5494
1399
5495
9591
1400
9592
1405
5502
9599
9600
1409
5505
5508
5514
1418
9611
9613
1422
5521
9617
1427
5523
1428
5526
9622
1431
1432
9625
5531
9627
5532
5534
1439
9632
1443
5540
1444
1448
5546
9642
5547
9643
1451
9644
1453
9645
9646
9647
1456
5553
1458
5555
9651
1461
1463
1464
1466
5562
9661
1471
5568
1475
1480
5577
9673
1481
9674
5580
1484
1486
5583
1488
1489
1490
9683
1494
9687
1496
5593
1498
5595
9691
1500
5597
1503
5600
9698
1507
9701
9703
9704
1514
9707
5614
5615
5616
1522
5618
5619
1523
1524
9717
9718
5623
9720
5625
1530
5626
9724
5628
5631
9727
9728
1536
5634
5636
5638
1542
5639
1547
5645
9743
1552
9744
5648
5651
1556
9750
5656
1560
9754
9755
5660
1565
5663
5666
1570
1573
9765
5671
1576
5674
5677
5679
1583
9775
9776
5680
5682
9779
5684
1589
9782
5686
1591
1593
5692
5694
9792
5698
9795
1603
9798
1606
5703
1607
5704
9801
1612
9805
5709
5712
5715
1619
1620
1621
9814
5719
1623
5721
5723
1628
1630
9824
1634
9827
9831
9832
1640
5736
9833
9834
9836
1645
5741
5743
1647
9840
1651
5749
1654
5750
9847
9849
1657
5754
9850
9852
9854
5758
1663
1664
1666
9860
1670
1672
1673
9866
5771
1675
5774
5776
9873
1682
5778
9874
1684
9879
5784
5786
9882
1690
1691
5790
1696
1698
1699
1700
1701
1702
9895
1704
9896
5801
5802
5803
1708
1711
5808
9904
1715
9908
1717
9909
9910
5816
5817
1722
1723
5819
9915
1724
9916
1725
9919
5823
5824
9922
1732
9926
1734
9928
5832
1737
9929
5833
5834
9931
1741
1745
5842
1748
9940
1749
9941
1750
1754
9948
1756
9950
9955
5859
1766
5862
5863
1768
1769
5867
9963
9964
1772
5871
1777
1780
9972
9973
1783
5882
9979
1788
9981
1789
5887
1794
5890
1795
5892
1796
1797
9989
1799
5895
5896
5897
9993
1801
1803
5899
9996
5900
1805
5901
9998
5902
5903
10005
5910
1815
10008
1816
1817
10010
10012
1820
5916
1822
5918
5920
10016
1826
5923
10019
5924
5925
5926
1831
5929
10029
10030
10032
1841
10035
10036
1844
5940
1845
5942
5943
5944
5945
1850
5947
10046
1855
5951
10049
10052
1862
10055
1863
1864
1865
5963
10060
10061
1870
5968
10064
10065
5969
1874
10066
1875
10070
10071
1880
10073
10074
1882
10075
5980
5983
10082
5992
10088
5995
1900
5996
1902
1903
1905
10098
6002
1906
10099
6003
10104
6009
10107
10108
10109
1919
10112
1921
6019
1923
6020
1924
1925
10118
1927
1928
1930
6029
1933
6030
10126
1936
10128
10130
1939
6035
6037
1941
10135
10136
1946
10139
1949
6045
1952
6048
10145
1954
6050
6051
1956
10151
10152
1963
6060
10159
6063
10160
1968
6064
6065
1969
6067
10163
1973
6069
10168
6076
1981
6078
6080
10176
6081
1985
10179
10181
6085
6086
1991
1992
6089
6090
1996
10190
6096
10192
2001
6097
10193
6098
2003
2006
2007
6103
10200
6105
6110
10209
2018
6115
10212
2021
10219
2029
10221
6126
6127
10224
6129
2033
6130
10226
2035
2036
10228
2037
10229
6134
2038
2042
6138
2043
10238
2046
6143
2048
2049
10242
2051
6149
10245
6150
6151
10248
6152
6153
6154
2058
10252
6159
2064
6160
2065
10258
2066
10259
6163
2068
2070
2071
2072
2073
10267
6171
2075
6172
10269
6174
10271
10272
2082
6179
2084
10276
6182
2086
2088
6187
2096
2097
2098
2101
6197
10294
6200
6201
6203
10300
2108
6206
10302
10307
2116
10309
6214
10313
2124
10316
2125
10318
6223
2127
10321
6225
2130
10322
10324
2133
6233
2140
10336
6240
6241
2145
2146
2147
6243
2148
6246
2150
2151
2153
6250
6251
2156
2157
6254
2162
6259
2163
2164
6261
2165
2166
2168
6266
6268
6270
2175
6274
2181
6278
2183
2185
6281
6282
2186
6283
2188
6285
2192
6288
6289
6294
2200
6296
2203
6301
6308
2212
2214
6310
6311
2218
2221
2222
2223
6322
6323
2229
2233
2237
2238
2240
6336
2241
6338
2244
6342
6343
6346
6348
6352
6353
2258
2259
2261
6358
2263
6361
2265
2270
2271
2272
6369
6372
6373
2280
6379
2283
2286
6393
2299
6397
6398
6399
2304
2306
2307
6409
2314
6418
2323
2325
2326
6422
2327
6424
6425
2329
6426
2330
2331
2332
2333
2334
6436
2344
2346
2349
2350
2351
2353
6453
6454
6455
6457
2361
2364
2371
6468
2374
2375
6471
2377
6474
2381
2382
6479
6481
6482
2389
2393
2395
2400
6497
2402
6499
6500
2407
6504
2409
6506
2411
6509
2416
6521
6526
6527
2436
6533
6534
6537
2442
2443
2444
2447
6543
2449
6546
6547
2453
6550
6554
6558
6559
2463
6562
2467
6565
6566
6567
2471
2472
6570
2477
2484
6582
2487
2490
6587
2492
6592
6593
2497
6594
6595
2504
2505
6602
6603
2508
2509
2510
2512
2516
6613
2517
6614
2521
2523
2526
6626
2530
2532
2535
6631
2542
6639
2548
2551
2555
6653
2558
2561
6657
2563
6659
2567
2570
2573
2576
6673
2578
2581
2583
2587
6684
6685
2592
2594
6691
2595
6692
6695
2599
6696
2602
2605
2606
6704
2609
2610
2611
6709
2619
6718
2624
6720
2625
2631
2632
6728
2637
2638
6738
6740
2644
2647
6743
2649
6745
6747
2652
6748
2653
6749
2658
2664
6760
6761
6763
2669
6771
2679
2682
2683
6781
2688
2692
2694
6791
2699
6795
6796
2700
2703
2705
2707
2709
2711
2714
2715
2718
6816
2722
6818
6822
6825
2730
2732
6828
2733
6831
6836
6838
2743
2744
2746
6842
2748
6847
2752
2756
2763
2764
6860
2767
6867
2773
6869
6870
2779
2781
2782
6882
2788
2791
6888
6890
2796
6894
6895
2799
6896
2801
6899
2808
6907
2812
6909
6910
6911
2820
2821
6918
2822
6924
2831
6928
6929
6931
6932
6939
2844
2845
2847
2854
6959
2865
2869
6969
2875
2878
6974
2879
2881
6977
2884
6981
2886
6983
2890
6991
2896
6993
6994
2901
2902
7000
2905
7004
2910
7007
2912
7008
7009
2913
2914
2919
2920
7017
2927
2933
2934
7030
7031
7034
2938
2939
7039
7042
7044
2948
2951
2952
7053
7054
2960
7057
7060
7062
7064
2969
2971
7068
2973
2977
2979
2982
2984
2985
7084
2989
7087
2991
7089
2993
2995
2999
3000
3002
7099
3005
3010
3013
7113
3017
7114
3022
3023
7121
7123
3029
3030
3035
7133
7135
3041
7140
3045
3046
3047
3050
3056
3057
3059
7155
7156
3060
3062
3063
3067
3068
3070
7167
7168
3076
3081
3082
7178
3083
7180
3084
3086
7182
3087
3090
3093
3094
3097
3098
7195
3100
3101
7203
7204
7206
3111
3119
3121
7217
3122
3123
3124
7224
3130
3132
3133
7229
7230
3134
3135
7236
7237
3142
7239
3147
3148
7245
3151
3153
7251
3156
7256
3161
3162
3165
3174
7270
7273
7275
3180
7280
7282
7285
7287
3195
3196
3198
3199
3204
7303
3208
3210
3212
3214
3216
7313
3224
3225
7322
7323
3228
3233
3234
7330
3238
3239
3242
7338
3244
3248
7345
7346
7348
7350
7351
3257
3258
7354
3261
3265
7361
3267
3268
7366
3271
7373
3277
7375
7377
3281
7379
7382
7383
3290
3291
3293
7389
7391
7394
3299
7396
3301
7398
3302
7400
7401
3307
7404
3309
3311
7410
3315
3316
3319
3321
3323
3325
7421
7422
3329
3330
7429
7430
3335
3337
3339
3341
7437
7441
7442
7443
3350
3352
7449
3354
7451
7454
7456
3363
3365
7464
7467
3372
3373
3374
7471
3378
3380
7479
3383
7481
3386
7484
3388
3391
3394
3396
7498
7500
7505
3412
3415
7512
3421
7517
3425
3431
3434
7530
3439
3443
7539
3445
3449
3453
7549
3456
7553
7554
7555
7556
3463
7564
3471
7568
3473
3474
3475
7571
7572
3477
7576
3481
7578
7579
7580
3485
3486
7583
3491
3492
3493
3495
7594
3501
7597
7600
3506
3512
3515
7612
7613
7615
3522
7618
7621
3526
7627
3531
3533
7631
7632
7634
7635
3540
7637
7639
3544
3546
3551
3552
7648
3554
7650
7652
3556
3560
7656
7658
3563
3565
7662
7665
7666
7668
3573
3574
3577
7676
3580
7677
7680
7681
3587
7684
7688
3594
3595
3597
3600
7697
3601
7698
7699
3604
7701
7704
3608
7705
7706
3611
3612
7710
3617
3618
3620
3624
7721
3625
7723
7724
3628
3633
7729
7730
7731
3637
3642
3645
7742
3651
3653
3657
3660
7756
7761
7762
7763
7766
3676
7773
3679
3680
7783
7786
7787
3695
3696
3697
3698
7794
7798
3702
3703
3706
3709
7805
7806
3710
7808
3713
3717
3718
7814
3719
7816
7819
3724
3727
7824
7825
3730
3732
3737
3738
3740
3741
3742
3745
7845
3751
3753
3759
7855
7856
3761
7858
3764
7862
7864
7866
7868
3772
3773
7869
3779
3780
3782
3784
7884
7885
3789
7887
7892
7895
3799
3800
7899
3805
3812
3816
3817
7915
3819
7917
3831
3836
7934
3839
7936
7937
7938
3842
7941
7942
7945
7946
3850
3854
7953
7956
3861
7958
3863
7960
3867
3869
7969
3874
7970
7973
7974
3878
3879
3880
7976
7978
7980
7981
3885
7982
3888
7985
7986
3893
7991
3897
8001
3906
3907
3908
8006
3912
8008
8009
3916
8015
3921
8025
8027
3932
3933
8031
8032
3936
8033
3937
3942
3944
8042
8043
8044
8045
8046
3951
3955
8052
3961
3962
8060
3965
8065
8067
8069
8073
8074
3979
8077
3983
8079
3985
8081
3986
8082
3987
8086
3991
3996
8092
3997
8094
4000
4001
4002
8098
8099
4005
8107
4011
8109
4014
8110
8114
8115
4019
4029
4031
8128
4037
4039
8135
8137
8144
4050
4056
8153
8157
8160
4064
8163
4067
4068
4071
8168
4073
4078
4080
4087
8184
4091
14
0
2
3
5
37
7
78
174
15
177
17
22
151
56
