837
2049
2051
2054
2055
2057
2058
12
2060
13
15
19
22
2070
24
2074
29
2078
2079
32
2083
35
36
2084
2085
2086
38
2087
40
2090
43
45
46
47
2095
2096
48
2098
51
2099
2100
53
54
60
61
2110
2112
64
2115
2116
68
2120
73
2121
74
2125
79
2128
81
83
2131
85
86
87
2136
89
2137
2140
2141
94
95
2144
97
2148
100
2149
101
2150
103
2151
2153
107
2157
110
112
2161
115
2164
2165
2167
120
2170
125
2175
2178
131
2182
135
2183
2185
138
2187
140
2189
142
2191
144
2192
2194
2197
149
2199
154
155
2204
156
2205
157
158
160
2208
161
165
166
2214
2218
172
2220
2222
2223
177
2227
179
2228
2231
186
187
188
2236
189
190
2239
2240
2245
2246
198
2247
2249
201
205
206
209
213
218
224
225
228
229
231
232
237
238
243
245
246
247
248
251
253
254
257
259
261
262
263
267
268
269
271
273
274
275
279
281
282
283
286
287
290
296
297
298
302
303
307
312
315
316
317
321
326
328
330
332
334
336
340
341
342
350
351
352
355
356
357
358
359
360
363
364
365
366
367
371
375
377
380
382
384
386
387
392
393
398
400
402
407
409
411
412
414
419
423
425
426
427
428
430
431
435
437
438
441
446
447
449
455
459
460
465
466
468
471
472
475
477
479
480
485
488
489
492
494
499
502
503
512
516
517
520
522
524
527
528
531
533
534
535
536
539
547
549
551
553
554
555
556
557
559
565
567
570
572
575
577
578
580
581
586
587
591
592
597
598
599
602
604
605
606
607
608
609
612
613
618
619
620
629
630
631
632
633
634
642
645
650
651
653
659
660
670
671
673
674
676
678
680
681
682
686
688
691
697
701
707
708
709
710
713
714
718
721
722
724
726
728
729
731
732
735
736
739
740
743
744
748
749
750
752
756
760
762
764
765
767
769
774
778
779
782
787
789
793
794
798
801
804
806
807
812
813
814
816
818
825
829
833
836
838
840
841
848
853
855
857
861
867
870
871
874
876
877
890
893
894
895
896
898
899
901
902
903
905
908
909
912
917
920
925
926
929
930
931
932
941
942
945
946
948
950
955
957
958
960
962
963
966
969
970
979
984
985
987
989
990
996
998
1006
1013
1016
1017
1018
1019
1020
1023
1024
1025
1026
1029
1035
1037
1039
1040
1042
1045
1046
1048
1049
1050
1052
1054
1060
1061
1062
1067
1069
1073
1075
1076
1079
1080
1081
1083
1090
1091
1093
1098
1100
1101
1102
1111
1113
1120
1123
1124
1125
1126
1137
1144
1145
1151
1156
1158
1160
1162
1168
1172
1178
1179
1181
1182
1183
1189
1191
1192
1193
1195
1199
1201
1205
1210
1212
1213
1215
1217
1218
1219
1225
1229
1231
1251
1252
1257
1259
1261
1263
1267
1269
1271
1272
1274
1275
1278
1279
1286
1287
1290
1291
1292
1295
1296
1298
1301
1304
1306
1309
1311
1313
1314
1315
1316
1317
1318
1322
1331
1339
1340
1341
1344
1345
1346
1351
1352
1355
1356
1357
1360
1361
1363
1366
1367
1376
1377
1378
1380
1381
1382
1387
1390
1391
1392
1395
1400
1402
1403
1404
1410
1411
1412
1416
1424
1425
1427
1431
1434
1437
1439
1440
1444
1445
1454
1456
1457
1459
1462
1464
1465
1468
1469
1470
1471
1476
1477
1479
1484
1486
1487
1491
1494
1496
1502
1503
1505
1508
1512
1513
1517
1519
1520
1523
1526
1532
1534
1538
1542
1544
1547
1548
1552
1556
1566
1567
1573
1576
1577
1582
1583
1587
1589
1595
1598
1605
1606
1609
1610
1612
1620
1621
1622
1626
1627
1631
1632
1640
1642
1643
1648
1650
1666
1672
1674
1681
1682
1685
1693
1699
1700
1703
1708
1713
1714
1716
1720
1721
1726
1727
1729
1734
1737
1739
1742
1746
1749
1750
1751
1760
1761
1762
1765
1768
1771
1775
1776
1777
1778
1781
1785
1789
1792
1799
1802
1803
1804
1805
1813
1814
1819
1820
1822
1823
1831
1833
1838
1839
1847
1851
1855
1861
1862
1863
1865
1867
1868
1871
1873
1874
1876
1877
1880
1886
1887
1888
1891
1893
1901
1902
1904
1905
1907
1908
1910
1912
1917
1918
1921
1924
1931
1932
1933
1934
1936
1937
1946
1947
1951
1952
1953
1957
1960
1961
1966
1974
1975
1976
1980
1981
1983
1987
1989
1991
1994
1995
2001
2003
2004
2005
2006
2009
2010
2016
2017
2018
2019
2022
2023
2025
2027
2028
2029
2030
2032
2033
2035
2037
2039
2042
2043
2047
13
3
68
100
37
103
11
44
79
49
17
83
26
27
