54
131
132
4
5
10
14
15
16
17
21
23
25
26
31
32
33
35
38
40
42
47
51
54
56
64
66
67
69
72
73
76
81
82
89
91
93
98
101
102
103
105
106
107
109
112
113
114
116
117
119
121
123
125
127
164
0
1
2
3
4
260
5
261
262
6
9
10
11
12
13
270
14
271
16
19
275
20
21
277
23
282
29
30
286
31
287
33
34
290
35
291
36
38
40
296
41
42
43
44
45
46
48
304
49
50
307
52
53
54
55
56
57
58
60
61
317
62
63
64
321
65
66
67
68
69
327
328
74
330
331
76
78
334
79
337
81
82
84
85
86
89
90
92
93
94
97
98
99
100
101
102
103
104
106
107
108
109
112
115
119
121
123
124
127
129
131
133
135
136
137
138
139
142
143
145
149
151
152
159
160
161
165
166
170
171
174
175
178
180
181
182
193
194
196
198
199
200
201
202
207
211
217
218
219
220
224
225
226
227
229
230
233
234
237
238
248
250
252
253
