872
0
2049
2050
2051
5
6
2056
8
2057
2059
2060
14
16
2067
22
2071
2072
26
30
32
2087
2088
40
42
2090
43
2095
52
53
57
59
2108
2109
64
2113
2114
68
2117
71
2120
2124
2125
2126
2128
83
84
2138
2139
91
2140
93
2142
2144
96
2145
98
2148
102
2150
108
2157
111
115
2164
118
119
2167
120
121
122
2171
124
2176
128
2177
2181
134
2182
135
138
2187
140
142
144
145
146
2195
147
148
2196
2200
155
2205
157
159
162
163
164
2213
165
166
2215
2216
169
2217
2218
170
171
175
176
2224
2226
2227
181
2232
186
2237
190
191
195
2245
198
200
201
2249
2250
204
205
2255
208
212
214
2264
2265
2267
219
2269
223
2271
2275
2276
228
229
230
232
2280
234
2282
238
2286
240
2290
244
245
246
2295
248
2296
251
2300
255
256
263
2311
2312
2313
265
266
267
268
2317
270
2319
2323
279
2327
280
2328
282
2333
286
2335
290
2339
291
292
293
2343
295
2345
2349
302
305
2354
306
2357
311
2361
2362
315
2363
2365
317
2366
326
2375
330
332
2381
2382
334
335
336
337
338
341
342
344
2392
2394
2395
2396
349
2399
352
2403
2406
359
2407
2410
363
2411
2412
364
365
2416
2418
372
373
375
2423
2424
377
378
379
380
2430
385
2436
388
2437
389
390
391
392
397
2445
2447
2448
406
2455
407
2460
2461
413
2462
2465
2466
2467
2469
422
2470
2473
2474
428
429
432
2480
2482
434
2483
2488
441
2489
442
446
2495
447
2498
2499
2500
452
2502
2503
2505
457
2506
2507
460
461
2510
2511
463
2512
2513
465
2514
2515
468
2516
2518
470
473
2523
2524
476
477
478
2531
2532
2533
2534
2535
488
490
2539
2541
493
494
2543
2544
499
2548
2550
2553
506
2555
2556
2559
2560
2561
514
2563
516
2565
519
2567
521
2569
2575
2578
531
532
533
2582
535
536
539
2589
541
542
545
546
2596
550
2598
551
552
2600
2601
554
2605
559
563
564
565
2614
568
569
572
2621
2623
577
578
579
580
583
590
594
597
599
601
603
612
613
617
618
623
625
629
631
634
641
646
649
651
652
653
655
656
659
660
662
669
672
673
674
675
680
690
698
708
710
712
714
716
725
733
736
737
738
739
740
741
743
744
746
749
753
756
757
760
761
766
768
769
770
772
774
776
777
778
783
786
787
793
796
803
804
807
811
812
813
817
820
823
825
826
829
835
837
840
843
846
852
855
858
861
864
867
869
870
873
874
876
880
884
888
890
892
895
899
904
907
909
910
916
919
920
923
925
928
932
934
936
938
939
947
950
953
955
956
957
961
962
966
968
975
984
996
997
998
999
1001
1002
1007
1009
1012
1016
1018
1024
1035
1036
1037
1043
1046
1047
1048
1049
1061
1062
1063
1065
1068
1078
1087
1088
1089
1090
1092
1093
1096
1097
1098
1099
1101
1102
1103
1107
1111
1113
1121
1123
1130
1134
1137
1139
1141
1142
1144
1146
1147
1149
1153
1155
1159
1162
1163
1174
1175
1177
1178
1190
1192
1193
1194
1200
1206
1207
1208
1209
1210
1215
1220
1221
1229
1230
1244
1245
1248
1253
1258
1259
1260
1263
1264
1266
1277
1278
1280
1288
1290
1293
1294
1298
1301
1304
1306
1307
1308
1309
1314
1317
1322
1323
1328
1331
1335
1340
1341
1342
1343
1344
1346
1350
1351
1353
1357
1360
1361
1366
1368
1374
1381
1383
1389
1399
1400
1402
1405
1406
1411
1412
1414
1417
1419
1421
1422
1424
1425
1426
1430
1431
1433
1434
1435
1441
1442
1445
1448
1449
1452
1453
1456
1458
1460
1461
1463
1464
1465
1469
1470
1474
1475
1476
1477
1478
1482
1483
1484
1485
1492
1493
1500
1502
1505
1507
1509
1511
1513
1519
1520
1526
1529
1530
1535
1541
1542
1545
1548
1552
1555
1556
1557
1558
1562
1564
1565
1570
1571
1574
1578
1582
1583
1584
1585
1589
1592
1596
1597
1600
1601
1602
1604
1611
1613
1618
1622
1627
1628
1629
1633
1638
1643
1649
1650
1656
1657
1659
1661
1663
1665
1666
1667
1674
1675
1677
1681
1684
1686
1688
1691
1692
1694
1695
1696
1703
1704
1706
1708
1709
1712
1716
1717
1718
1719
1723
1728
1730
1731
1733
1736
1739
1740
1741
1742
1743
1744
1747
1752
1759
1760
1764
1765
1766
1773
1777
1779
1780
1784
1788
1790
1791
1793
1795
1796
1798
1808
1810
1811
1814
1816
1820
1828
1832
1837
1838
1840
1842
1843
1845
1846
1847
1851
1856
1858
1860
1868
1869
1880
1887
1891
1892
1897
1908
1910
1916
1922
1924
1935
1937
1939
1942
1952
1958
1959
1964
1965
1968
1970
1971
1974
1976
1979
1980
1987
1988
1992
1993
1997
2005
2007
2012
2022
2026
2032
2034
2035
2039
2041
2045
2047
42
65
2
5
134
7
71
72
141
14
79
144
81
146
19
83
20
148
84
23
151
153
26
29
158
94
95
32
99
39
41
42
43
46
110
111
51
119
56
57
122
123
60
